0, 0.34375, 2.012470168809583, 0.25922185699466327
5, 0.6190476190476191, 1.8521407551757108, 0.6117710778118794
10, 0.6875, 1.7238195794743305, 0.4963381729410253
15, 0.6592261904761905, 1.6149413377705844, 0.40145389201992976
20, 0.6577380952380952, 1.5313456823447211, 0.8967684021543985
25, 0.6577380952380952, 1.4653930179326182, 0.8967684021543985
30, 0.6577380952380952, 1.4182189737197017, 0.8967684021543985
35, 0.6577380952380952, 1.3809148032068406, 0.8967684021543985
40, 0.6577380952380952, 1.352523506042, 0.8967684021543985
45, 0.6577380952380952, 1.3313244941612932, 0.8967684021543985
50, 0.6577380952380952, 1.3172832189736985, 0.8967684021543985
55, 0.6577380952380952, 1.305511211556396, 0.8967684021543985
60, 0.6577380952380952, 1.2964629482977865, 0.8967684021543985
65, 0.6577380952380952, 1.2898310521173693, 0.8967684021543985
70, 0.6577380952380952, 1.2855895729053795, 0.8967684021543985
75, 0.6577380952380952, 1.2815507821373278, 0.8967684021543985
80, 0.6577380952380952, 1.2786083334290317, 0.8967684021543985
85, 0.6577380952380952, 1.2764303877570211, 0.8967684021543985
90, 0.6577380952380952, 1.2750263214698663, 0.8967684021543985
95, 0.6577380952380952, 1.2735804306041212, 0.8967684021543985
100, 0.6577380952380952, 1.2725782446748979, 0.8967684021543985
105, 0.6577380952380952, 1.2717375831621367, 0.8967684021543985
110, 0.6577380952380952, 1.2711327145499471, 0.8967684021543985
115, 0.6577380952380952, 1.27053849547226, 0.8967684021543985
120, 0.6577380952380952, 1.270096645159479, 0.8967684021543985
125, 0.6577380952380952, 1.2697286654356967, 0.8967684021543985
130, 0.6577380952380952, 1.2694080122871914, 0.8967684021543985
135, 0.6577380952380952, 1.2690921836598394, 0.8967684021543985
140, 0.6577380952380952, 1.2688360281685025, 0.8967684021543985
145, 0.6577380952380952, 1.2686140445141165, 0.8967684021543985
150, 0.6577380952380952, 1.2683774935792367, 0.8967684021543985
155, 0.6577380952380952, 1.2681647785465018, 0.8967684021543985
160, 0.6577380952380952, 1.267956105140892, 0.8967684021543985
165, 0.6577380952380952, 1.2677748264602322, 0.8967684021543985
170, 0.6577380952380952, 1.2675804860805784, 0.8967684021543985
175, 0.6577380952380952, 1.2673856533136818, 0.8967684021543985
180, 0.6577380952380952, 1.2671994560957933, 0.8967684021543985
185, 0.6577380952380952, 1.2670241588375286, 0.8967684021543985
190, 0.6577380952380952, 1.2668409314659825, 0.8967684021543985
195, 0.6577380952380952, 1.266661954553174, 0.8967684021543985
200, 0.6577380952380952, 1.2664806506853252, 0.8967684021543985
205, 0.6577380952380952, 1.266310796524411, 0.8967684021543985
210, 0.6577380952380952, 1.2661191824105769, 0.8967684021543985
215, 0.6577380952380952, 1.2659410609449144, 0.8967684021543985
220, 0.6577380952380952, 1.2657642388341588, 0.8967684021543985
225, 0.6577380952380952, 1.2655854714347627, 0.8967684021543985
230, 0.6577380952380952, 1.2653934778044102, 0.8967684021543985
235, 0.6577380952380952, 1.265220729781301, 0.8967684021543985
240, 0.6577380952380952, 1.265046320476167, 0.8967684021543985
245, 0.6577380952380952, 1.264852556935461, 0.8967684021543985
250, 0.6577380952380952, 1.2646707091210825, 0.8967684021543985
255, 0.6577380952380952, 1.2644859926573728, 0.8967684021543985
260, 0.6577380952380952, 1.2643250596014195, 0.8967684021543985
265, 0.6577380952380952, 1.2641232264087352, 0.8967684021543985
270, 0.6577380952380952, 1.263936960467336, 0.8967684021543985
275, 0.6577380952380952, 1.2637510641977745, 0.8967684021543985
280, 0.6577380952380952, 1.263568350189183, 0.8967684021543985
285, 0.6577380952380952, 1.263387942216294, 0.8967684021543985
290, 0.6577380952380952, 1.2631966768618892, 0.8967684021543985
295, 0.6577380952380952, 1.2630070084071552, 0.8967684021543985
300, 0.6577380952380952, 1.2628198889856792, 0.8967684021543985
305, 0.6577380952380952, 1.2626390631137059, 0.8967684021543985
310, 0.6577380952380952, 1.2624488649969825, 0.8967684021543985
315, 0.6577380952380952, 1.2622598646510506, 0.8967684021543985
320, 0.6577380952380952, 1.262061577169957, 0.8967684021543985
325, 0.6577380952380952, 1.261884923639319, 0.8967684021543985
330, 0.6577380952380952, 1.2616965645870075, 0.8967684021543985
335, 0.6577380952380952, 1.2615035984320928, 0.8967684021543985
340, 0.6577380952380952, 1.2612950658777435, 0.8967684021543985
345, 0.6577380952380952, 1.2611165269371976, 0.8967684021543985
350, 0.6577380952380952, 1.2609320654847482, 0.8967684021543985
355, 0.6577380952380952, 1.2607340361339348, 0.8967684021543985
360, 0.6577380952380952, 1.2605268643432874, 0.8967684021543985
365, 0.6577380952380952, 1.2603419451681144, 0.8967684021543985
370, 0.6577380952380952, 1.2601527851294858, 0.8967684021543985
375, 0.6577380952380952, 1.259958910091677, 0.8967684021543985
380, 0.6577380952380952, 1.2597531259917043, 0.8967684021543985
385, 0.6577380952380952, 1.2595612510455947, 0.8967684021543985
390, 0.6577380952380952, 1.2593684340547857, 0.8967684021543985
395, 0.6577380952380952, 1.2591736320953637, 0.8967684021543985
400, 0.6577380952380952, 1.2589673514435826, 0.8967684021543985
405, 0.6577380952380952, 1.258767704300379, 0.8967684021543985
410, 0.6577380952380952, 1.2585829645796631, 0.8967684021543985
415, 0.6577380952380952, 1.2583800656783648, 0.8967684021543985
420, 0.6577380952380952, 1.2581754026909884, 0.8967684021543985
425, 0.6577380952380952, 1.257965331200238, 0.8967684021543985
430, 0.6577380952380952, 1.2577712730263768, 0.8967684021543985
435, 0.6577380952380952, 1.2575801802419537, 0.8967684021543985
440, 0.6577380952380952, 1.2573641599014733, 0.8967684021543985
445, 0.6577380952380952, 1.2571551604804658, 0.8967684021543985
450, 0.6577380952380952, 1.2569581403819794, 0.8967684021543985
455, 0.6577380952380952, 1.2567634537800383, 0.8967684021543985
460, 0.6577380952380952, 1.256538030469701, 0.8967684021543985
465, 0.6577380952380952, 1.2563347801097582, 0.8967684021543985
470, 0.6577380952380952, 1.256127015958367, 0.8967684021543985
475, 0.6577380952380952, 1.2559415437955466, 0.8967684021543985
480, 0.6577380952380952, 1.255713334674773, 0.8967684021543985
485, 0.6577380952380952, 1.2555046797948888, 0.8967684021543985
490, 0.6577380952380952, 1.255298368281935, 0.8967684021543985
495, 0.6577380952380952, 1.2550876104718998, 0.8967684021543985
500, 0.6577380952380952, 1.2548888053616467, 0.8967684021543985
505, 0.6577380952380952, 1.254668942356862, 0.8967684021543985
510, 0.6577380952380952, 1.2544535014980225, 0.8967684021543985
515, 0.6577380952380952, 1.2542380850751957, 0.8967684021543985
520, 0.6577380952380952, 1.25403387612602, 0.8967684021543985
525, 0.6577380952380952, 1.253820229145571, 0.8967684021543985
530, 0.6577380952380952, 1.2536114697236147, 0.8967684021543985
535, 0.6577380952380952, 1.2533785526418213, 0.8967684021543985
540, 0.6577380952380952, 1.2531790741898161, 0.8967684021543985
545, 0.6577380952380952, 1.25296728711342, 0.8967684021543985
550, 0.6577380952380952, 1.2527460655820843, 0.8967684021543985
555, 0.6577380952380952, 1.2525127570262566, 0.8967684021543985
560, 0.6577380952380952, 1.252308105901652, 0.8967684021543985
565, 0.6577380952380952, 1.252098415707614, 0.8967684021543985
570, 0.6577380952380952, 1.2518861348316512, 0.8967684021543985
575, 0.6577380952380952, 1.2516397175958087, 0.8967684021543985
580, 0.6577380952380952, 1.251431433413044, 0.8967684021543985
585, 0.6577380952380952, 1.2512185551667545, 0.8967684021543985
590, 0.6577380952380952, 1.251000200349439, 0.8967684021543985
595, 0.6577380952380952, 1.250761567716599, 0.8967684021543985
600, 0.6577380952380952, 1.25054433151561, 0.8967684021543985
605, 0.6577380952380952, 1.250328462363016, 0.8967684021543985
610, 0.6577380952380952, 1.2501092804877283, 0.8967684021543985
615, 0.6577380952380952, 1.249875170441075, 0.8967684021543985
620, 0.6577380952380952, 1.2496449226953428, 0.8967684021543985
625, 0.6577380952380952, 1.24943522300384, 0.8967684021543985
630, 0.6577380952380952, 1.249204585333467, 0.8967684021543985
635, 0.6577380952380952, 1.2489769144935148, 0.8967684021543985
640, 0.6577380952380952, 1.2487394456902445, 0.8967684021543985
645, 0.6577380952380952, 1.248517090692604, 0.8967684021543985
650, 0.6577380952380952, 1.2482996542187934, 0.8967684021543985
655, 0.6577380952380952, 1.248053358508867, 0.8967684021543985
660, 0.6577380952380952, 1.2478205805685891, 0.8967684021543985
665, 0.6577380952380952, 1.2475961581587296, 0.8967684021543985
670, 0.6577380952380952, 1.2473867881895355, 0.8967684021543985
675, 0.6577380952380952, 1.2471249213767157, 0.8967684021543985
680, 0.6577380952380952, 1.2468912930265896, 0.8967684021543985
685, 0.6577380952380952, 1.2466605641380053, 0.8967684021543985
690, 0.6577380952380952, 1.2464393545947037, 0.8967684021543985
695, 0.6577380952380952, 1.246192026862878, 0.8967684021543985
700, 0.6577380952380952, 1.2459517539356628, 0.8967684021543985
705, 0.6577380952380952, 1.2457162844311715, 0.8967684021543985
710, 0.6577380952380952, 1.2454842498567975, 0.8967684021543985
715, 0.6577380952380952, 1.2452532441292203, 0.8967684021543985
720, 0.6577380952380952, 1.2450096696746729, 0.8967684021543985
725, 0.6577380952380952, 1.244768117850009, 0.8967684021543985
730, 0.6577380952380952, 1.2445195252167578, 0.8967684021543985
735, 0.6577380952380952, 1.2442894768976371, 0.8967684021543985
740, 0.6577380952380952, 1.2440481336881777, 0.8967684021543985
745, 0.6577380952380952, 1.2438140187708926, 0.8967684021543985
750, 0.6577380952380952, 1.2435501950523185, 0.8967684021543985
755, 0.6577380952380952, 1.2433253652011915, 0.8967684021543985
760, 0.6577380952380952, 1.243090375224705, 0.8967684021543985
765, 0.6577380952380952, 1.2428388317707921, 0.8967684021543985
770, 0.6577380952380952, 1.2425740585142369, 0.8967684021543985
775, 0.6577380952380952, 1.2423438722533438, 0.8967684021543985
780, 0.6577380952380952, 1.242104019120055, 0.8967684021543985
785, 0.6577380952380952, 1.2418663088414261, 0.8967684021543985
790, 0.6577380952380952, 1.2415915732822633, 0.8967684021543985
795, 0.6577380952380952, 1.2413550999952485, 0.8967684021543985
800, 0.6577380952380952, 1.241116925807509, 0.8967684021543985
805, 0.6577380952380952, 1.2408718651864692, 0.8967684021543985
810, 0.6577380952380952, 1.240601404646001, 0.8967684021543985
815, 0.6577380952380952, 1.2403567535653184, 0.8967684021543985
820, 0.6577380952380952, 1.2401200146730333, 0.8967684021543985
825, 0.6577380952380952, 1.239866761667061, 0.8967684021543985
830, 0.6577380952380952, 1.239599742808529, 0.8967684021543985
835, 0.6577380952380952, 1.2393479275194867, 0.8967684021543985
840, 0.6577380952380952, 1.2391078714148078, 0.8967684021543985
845, 0.6577380952380952, 1.2388538972339425, 0.8967684021543985
850, 0.6577380952380952, 1.2385954442334617, 0.8967684021543985
855, 0.6577380952380952, 1.2383251397691741, 0.8967684021543985
860, 0.6577380952380952, 1.2380817778390647, 0.8967684021543985
865, 0.6577380952380952, 1.2378350871140014, 0.8967684021543985
870, 0.6577380952380952, 1.2375535281686547, 0.8967684021543985
875, 0.6577380952380952, 1.2373003444706199, 0.8967684021543985
880, 0.6577380952380952, 1.2370479555371083, 0.8967684021543985
885, 0.6577380952380952, 1.236814562036786, 0.8967684021543985
890, 0.6577380952380952, 1.2365170082332806, 0.8967684021543985
895, 0.6577380952380952, 1.2362572088238228, 0.8967684021543985
900, 0.6577380952380952, 1.2359994642441612, 0.8967684021543985
905, 0.6577380952380952, 1.2357460880731919, 0.8967684021543985
910, 0.6577380952380952, 1.23547748079984, 0.8967684021543985
915, 0.6577380952380952, 1.2352123635169003, 0.8967684021543985
920, 0.6577380952380952, 1.2349491322395065, 0.8967684021543985
925, 0.6577380952380952, 1.234684793168626, 0.8967684021543985
930, 0.6577380952380952, 1.234424325256128, 0.8967684021543985
935, 0.6577380952380952, 1.234153642294199, 0.8967684021543985
940, 0.6577380952380952, 1.2338876267560919, 0.8967684021543985
945, 0.6577380952380952, 1.23360893888791, 0.8967684021543985
950, 0.6577380952380952, 1.233353870756369, 0.8967684021543985
955, 0.6577380952380952, 1.233087508996055, 0.8967684021543985
960, 0.6577380952380952, 1.2328236910226287, 0.8967684021543985
965, 0.6577380952380952, 1.2325275611027766, 0.8967684021543985
970, 0.6577380952380952, 1.2322785583539588, 0.8967684021543985
975, 0.6577380952380952, 1.2320185678274593, 0.8967684021543985
980, 0.6577380952380952, 1.2317341259727275, 0.8967684021543985
985, 0.6577380952380952, 1.231445852147777, 0.8967684021543985
990, 0.6577380952380952, 1.2311840200840227, 0.8967684021543985
995, 0.6577380952380952, 1.2309213640007932, 0.8967684021543985
1000, 0.6577380952380952, 1.2306519396724862, 0.8967684021543985
1005, 0.6577380952380952, 1.2303525048291035, 0.8967684021543985
1010, 0.6577380952380952, 1.230090705482567, 0.8967684021543985
1015, 0.6577380952380952, 1.2298291801609476, 0.8967684021543985
1020, 0.6577380952380952, 1.2295463451267776, 0.8967684021543985
1025, 0.6577380952380952, 1.2292510307132196, 0.8967684021543985
1030, 0.6577380952380952, 1.2289821422520266, 0.8967684021543985
1035, 0.6577380952380952, 1.2287214765529915, 0.8967684021543985
1040, 0.6577380952380952, 1.228438948488673, 0.8967684021543985
1045, 0.6577380952380952, 1.2281468327856597, 0.8967684021543985
1050, 0.6577380952380952, 1.2278634243867903, 0.8967684021543985
1055, 0.6577380952380952, 1.2275967583616416, 0.8967684021543985
1060, 0.6577380952380952, 1.2273205690761522, 0.8967684021543985
1065, 0.6577380952380952, 1.2270200594277387, 0.8967684021543985
1070, 0.6577380952380952, 1.226734182085139, 0.8967684021543985
1075, 0.6577380952380952, 1.2264679198348478, 0.8967684021543985
1080, 0.6577380952380952, 1.2261926084895935, 0.8967684021543985
1085, 0.6577380952380952, 1.2258815197749746, 0.8967684021543985
1090, 0.6577380952380952, 1.225601666871101, 0.8967684021543985
1095, 0.6577380952380952, 1.2253195139906776, 0.8967684021543985
1100, 0.6577380952380952, 1.225057192036606, 0.8967684021543985
1105, 0.6577380952380952, 1.224738884128998, 0.8967684021543985
1110, 0.6577380952380952, 1.2244554916284014, 0.8967684021543985
1115, 0.6577380952380952, 1.224170241120571, 0.8967684021543985
1120, 0.6577380952380952, 1.2238808584930083, 0.8967684021543985
1125, 0.6577380952380952, 1.2235917028620622, 0.8967684021543985
1130, 0.6577380952380952, 1.2233022265592615, 0.8967684021543985
1135, 0.6577380952380952, 1.2230109643373392, 0.8967684021543985
1140, 0.6577380952380952, 1.2227182762133093, 0.8967684021543985
1145, 0.6577380952380952, 1.22243096880384, 0.8967684021543985
1150, 0.6577380952380952, 1.2221413848172762, 0.8967684021543985
1155, 0.6577380952380952, 1.221851098887737, 0.8967684021543985
1160, 0.6577380952380952, 1.2215435274000903, 0.8967684021543985
1165, 0.6577380952380952, 1.221263856143831, 0.8967684021543985
1170, 0.6577380952380952, 1.2209770340038228, 0.8967684021543985
1175, 0.6577380952380952, 1.2206813325128096, 0.8967684021543985
1180, 0.6577380952380952, 1.2203590442879466, 0.8967684021543985
1185, 0.6577380952380952, 1.220078715581371, 0.8967684021543985
1190, 0.6577380952380952, 1.2197975625599788, 0.8967684021543985
1195, 0.6577380952380952, 1.2194945892229767, 0.8967684021543985
1200, 0.6577380952380952, 1.219174229327465, 0.8967684021543985
1205, 0.6577380952380952, 1.2188882370974514, 0.8967684021543985
1210, 0.6577380952380952, 1.2186008804786799, 0.8967684021543985
1215, 0.6577380952380952, 1.2183034439713902, 0.8967684021543985
1220, 0.6577380952380952, 1.2179821131200281, 0.8967684021543985
1225, 0.6577380952380952, 1.2176917037031405, 0.8967684021543985
1230, 0.6577380952380952, 1.2174015872490433, 0.8967684021543985
1235, 0.6577380952380952, 1.2171027695453258, 0.8967684021543985
1240, 0.6577380952380952, 1.2167816386380936, 0.8967684021543985
1245, 0.6577380952380952, 1.216482786250424, 0.8967684021543985
1250, 0.6577380952380952, 1.216201987876506, 0.8967684021543985
1255, 0.6577380952380952, 1.2158957386882727, 0.8967684021543985
1260, 0.6577380952380952, 1.2155738984551214, 0.8967684021543985
1265, 0.6577380952380952, 1.2152658346274292, 0.8967684021543985
1270, 0.6577380952380952, 1.2149761070815515, 0.8967684021543985
1275, 0.6577380952380952, 1.2146827776787101, 0.8967684021543985
1280, 0.6577380952380952, 1.2143500205852111, 0.8967684021543985
1285, 0.6577380952380952, 1.2140420943164434, 0.8967684021543985
1290, 0.6577380952380952, 1.2137481035288982, 0.8967684021543985
1295, 0.6577380952380952, 1.2134512731665716, 0.8967684021543985
