0, 0.28205128205128205, 2.1228925123039395, 0.8133333333333334
5, 0.28205128205128205, 2.0319270632621014, 0.8133333333333334
10, 0.28205128205128205, 1.974413976123604, 0.8133333333333334
15, 0.28205128205128205, 1.939503911320021, 0.8133333333333334
20, 0.28846153846153844, 1.9159606925709154, 0.4932496075353218
25, 0.4551282051282051, 1.9011134236521543, 0.6734006734006733
30, 0.391025641025641, 1.89136734435773, 0.8540706605222734
35, 0.391025641025641, 1.884370018665369, 0.8540706605222734
40, 0.391025641025641, 1.8798291644711047, 0.8540706605222734
45, 0.391025641025641, 1.8759669662322302, 0.8540706605222734
50, 0.391025641025641, 1.872884997465436, 0.8540706605222734
55, 0.391025641025641, 1.8703529096851474, 0.8540706605222734
60, 0.391025641025641, 1.867837321311078, 0.8540706605222734
65, 0.391025641025641, 1.8657310978346016, 0.8540706605222734
70, 0.391025641025641, 1.8632705920621244, 0.8540706605222734
75, 0.391025641025641, 1.861034538491283, 0.8540706605222734
80, 0.391025641025641, 1.8586550567576103, 0.8540706605222734
85, 0.391025641025641, 1.8561840571941206, 0.8540706605222734
90, 0.391025641025641, 1.853670154679794, 0.8540706605222734
95, 0.391025641025641, 1.8509436755831672, 0.8540706605222734
100, 0.391025641025641, 1.8481734640954455, 0.8540706605222734
105, 0.391025641025641, 1.845254901864501, 0.8540706605222734
110, 0.391025641025641, 1.842200881930882, 0.8540706605222734
115, 0.391025641025641, 1.8390026139847682, 0.8540706605222734
120, 0.391025641025641, 1.8356603408422996, 0.8540706605222734
125, 0.391025641025641, 1.8321160446450262, 0.8540706605222734
130, 0.391025641025641, 1.8284617741577507, 0.8540706605222734
135, 0.391025641025641, 1.824621887872193, 0.8540706605222734
140, 0.391025641025641, 1.8206531619993573, 0.8540706605222734
145, 0.391025641025641, 1.8165318923403144, 0.8540706605222734
150, 0.391025641025641, 1.8120999071434873, 0.8540706605222734
155, 0.391025641025641, 1.807595710974512, 0.8540706605222734
160, 0.391025641025641, 1.802921634257852, 0.8540706605222734
165, 0.391025641025641, 1.7981239088444287, 0.8540706605222734
170, 0.391025641025641, 1.7931315499840952, 0.8540706605222734
175, 0.391025641025641, 1.7878573528376909, 0.8540706605222734
180, 0.391025641025641, 1.7825336220684362, 0.8540706605222734
185, 0.391025641025641, 1.7770226378355374, 0.8540706605222734
190, 0.391025641025641, 1.7713711452089105, 0.8540706605222734
195, 0.3974358974358974, 1.7655349860483547, 0.5344254510921177
200, 0.3974358974358974, 1.759545543749912, 0.5344254510921177
205, 0.40384615384615385, 1.7534273268574214, 0.5476378528594413
210, 0.4166666666666667, 1.7471890200311948, 0.5727414995020629
215, 0.44871794871794873, 1.7407728892095007, 0.6288461538461538
220, 0.4935897435897436, 1.734221955582284, 0.37268258503848223
225, 0.5, 1.7275984946456258, 0.38786845436461803
230, 0.5128205128205128, 1.720819285356532, 0.4105545763154459
235, 0.5384615384615384, 1.7139630740998684, 0.43978747123983014
240, 0.5833333333333334, 1.706987011619853, 0.5233059658891035
245, 0.6538461538461539, 1.69985011936399, 0.6089065255731922
250, 0.6474358974358975, 1.6927470101278363, 0.6029905090694488
255, 0.6858974358974359, 1.685508355659093, 0.6532915600105448
260, 0.6923076923076923, 1.6781505451481655, 0.6680578336674564
265, 0.717948717948718, 1.6707739266052464, 0.6947845804988662
270, 0.7371794871794872, 1.663263092804887, 0.7192022769890748
275, 0.75, 1.6558572741541333, 0.7403811911961481
280, 0.7756410256410257, 1.648289363220393, 0.7683959512780923
285, 0.8076923076923077, 1.6407293795891966, 0.8058549315696159
290, 0.8141025641025641, 1.6331251567507201, 0.8108470060990213
295, 0.8269230769230769, 1.6254217680044885, 0.8261018273261339
300, 0.8333333333333334, 1.6178203551908166, 0.8335445222237675
305, 0.8333333333333334, 1.6101627292539498, 0.8355161680220092
310, 0.8397435897435898, 1.6025366456788614, 0.8447110961935307
315, 0.8397435897435898, 1.5949791710779415, 0.8447110961935307
320, 0.8397435897435898, 1.587229667409024, 0.8447110961935307
325, 0.8461538461538461, 1.5796599190885432, 0.8523281596452327
330, 0.8589743589743589, 1.5720308762299002, 0.8655587350502604
335, 0.8589743589743589, 1.5645412333913131, 0.8655587350502604
340, 0.8589743589743589, 1.5571252647056475, 0.8655587350502604
345, 0.8589743589743589, 1.5494437771691425, 0.8659171788572593
350, 0.8589743589743589, 1.5420262814469552, 0.8661053194333066
355, 0.8589743589743589, 1.5346295650644084, 0.8661053194333066
360, 0.8589743589743589, 1.5273701708436154, 0.8663883546074488
365, 0.8589743589743589, 1.5201468715049926, 0.8661053194333066
370, 0.8589743589743589, 1.512793046882813, 0.8661053194333066
375, 0.8525641025641025, 1.50569260980709, 0.8587823825090513
380, 0.8525641025641025, 1.4985795721746353, 0.8587823825090513
385, 0.8589743589743589, 1.4915847204270538, 0.8652231123495491
390, 0.8525641025641025, 1.4846528059740365, 0.8578981799659867
395, 0.8525641025641025, 1.4777606089522206, 0.8578981799659867
400, 0.8525641025641025, 1.4709782538401481, 0.8578981799659867
405, 0.8525641025641025, 1.4642677783264406, 0.8578981799659867
410, 0.8461538461538461, 1.457626579523815, 0.8516706559954388
415, 0.8461538461538461, 1.4510621573833677, 0.8516706559954388
420, 0.8461538461538461, 1.4445945935806652, 0.8505819417335356
425, 0.8397435897435898, 1.4382095867190305, 0.8442816442816442
430, 0.8461538461538461, 1.4319043986587356, 0.8505819417335356
435, 0.8461538461538461, 1.425692472538281, 0.8505819417335356
440, 0.8333333333333334, 1.4195311151019627, 0.8379472693032014
445, 0.8461538461538461, 1.4134972775669523, 0.8505819417335356
450, 0.8397435897435898, 1.4075647854206483, 0.8442816442816442
455, 0.8461538461538461, 1.4016272927738045, 0.8506308506308505
460, 0.8397435897435898, 1.395880071071004, 0.8442816576764249
465, 0.8397435897435898, 1.3901048797361009, 0.8442816576764249
470, 0.8461538461538461, 1.3845255972527322, 0.8506308506308505
475, 0.8461538461538461, 1.3789917188707401, 0.8506308506308505
480, 0.8461538461538461, 1.3735229988391848, 0.8506308506308505
485, 0.8333333333333334, 1.3681882201880218, 0.8378941320117791
490, 0.8461538461538461, 1.362812102331326, 0.8506308506308505
495, 0.8461538461538461, 1.3576056698645886, 0.8506308506308505
500, 0.8397435897435898, 1.3524745258215183, 0.8432236665668494
505, 0.8397435897435898, 1.3474276844432216, 0.8432236665668494
510, 0.8333333333333334, 1.3425163882220033, 0.8367963741625366
515, 0.8397435897435898, 1.3375197943994241, 0.8430734270802697
520, 0.8397435897435898, 1.3326918027921515, 0.8430734270802697
525, 0.8397435897435898, 1.3279074892619012, 0.8430734270802697
530, 0.8397435897435898, 1.323248469388181, 0.8430734270802697
535, 0.8397435897435898, 1.3186849232819053, 0.8430734270802697
540, 0.8397435897435898, 1.3140076894119432, 0.8430734270802697
545, 0.8397435897435898, 1.3095148539253862, 0.8430734270802697
550, 0.8397435897435898, 1.3050821018118195, 0.8430734270802697
555, 0.8397435897435898, 1.3007355278491137, 0.8430734270802697
560, 0.8397435897435898, 1.2964492359508388, 0.8430734270802697
565, 0.8397435897435898, 1.2921203944344741, 0.8430734270802697
570, 0.8397435897435898, 1.2879375202860543, 0.8430734270802697
575, 0.8397435897435898, 1.2837773035073439, 0.8430734270802697
580, 0.8397435897435898, 1.2796798934521125, 0.8430734270802697
585, 0.8461538461538461, 1.2756344359101353, 0.8495164263665212
590, 0.8397435897435898, 1.2716215148707406, 0.8430734270802697
595, 0.8461538461538461, 1.2676564503119268, 0.8495164263665212
600, 0.8461538461538461, 1.2637534046278303, 0.8495164263665212
605, 0.8461538461538461, 1.2598691691859631, 0.8495164263665212
610, 0.8461538461538461, 1.2560312377534846, 0.8495164263665212
615, 0.8397435897435898, 1.2522217748245947, 0.843701439811465
620, 0.8397435897435898, 1.2484638832312396, 0.843701439811465
625, 0.8397435897435898, 1.2447430494050389, 0.843701439811465
630, 0.8397435897435898, 1.2410389533292878, 0.843701439811465
635, 0.8397435897435898, 1.237376675811822, 0.843701439811465
640, 0.8397435897435898, 1.2337184354152486, 0.843701439811465
645, 0.8397435897435898, 1.2301224891052571, 0.843701439811465
650, 0.8397435897435898, 1.2265238790461515, 0.843701439811465
655, 0.8397435897435898, 1.2229786127449191, 0.843701439811465
660, 0.8397435897435898, 1.2194041125607025, 0.843701439811465
665, 0.8397435897435898, 1.2158746249635044, 0.843701439811465
670, 0.8397435897435898, 1.2123876846566486, 0.843701439811465
675, 0.8397435897435898, 1.208892212592205, 0.843701439811465
680, 0.8397435897435898, 1.205445961840109, 0.843701439811465
685, 0.8397435897435898, 1.2019317638143956, 0.843701439811465
690, 0.8397435897435898, 1.1984710378380132, 0.8442342415177729
695, 0.8397435897435898, 1.1950542961433912, 0.8442342415177729
0, 0.391025641025641, 2.5028628129710357, 0.8540706605222734
5, 0.391025641025641, 2.2218345590697557, 0.8540706605222734
10, 0.391025641025641, 2.064772263918817, 0.8540706605222734
15, 0.391025641025641, 1.976995020122522, 0.8540706605222734
20, 0.391025641025641, 1.9252102706445566, 0.8540706605222734
25, 0.391025641025641, 1.8955553971129189, 0.8540706605222734
30, 0.391025641025641, 1.8781027831034947, 0.8540706605222734
35, 0.391025641025641, 1.8668645628392238, 0.8540706605222734
40, 0.391025641025641, 1.8598497884518332, 0.8540706605222734
45, 0.391025641025641, 1.8545662218413355, 0.8540706605222734
50, 0.391025641025641, 1.850456045209251, 0.8540706605222734
55, 0.391025641025641, 1.8472574683802965, 0.8540706605222734
60, 0.391025641025641, 1.8441940943236035, 0.8540706605222734
65, 0.391025641025641, 1.8413753220403037, 0.8540706605222734
70, 0.391025641025641, 1.8384064402190994, 0.8540706605222734
75, 0.391025641025641, 1.8354895673745817, 0.8540706605222734
80, 0.391025641025641, 1.8324862188901465, 0.8540706605222734
85, 0.391025641025641, 1.8293294347932068, 0.8540706605222734
90, 0.391025641025641, 1.8260228786943509, 0.8540706605222734
95, 0.4166666666666667, 1.8225171930611082, 0.5727414995020629
100, 0.4166666666666667, 1.8187997076087135, 0.5727414995020629
105, 0.4166666666666667, 1.814930484119534, 0.5727414995020629
110, 0.42948717948717946, 1.8108516854530232, 0.5962417893073917
115, 0.4423076923076923, 1.8065371256846874, 0.6183061660314113
120, 0.47435897435897434, 1.8020369248835941, 0.6680964052287582
125, 0.47435897435897434, 1.7971418780137782, 0.6680964052287582
130, 0.4807692307692308, 1.7921042346510774, 0.6772514841480358
135, 0.5, 1.7867768050247541, 0.7033333333333333
140, 0.5, 1.7812333785452261, 0.7033333333333333
145, 0.5256410256410257, 1.775456526448159, 0.7352607709750568
150, 0.5384615384615384, 1.769120159898157, 0.7501625336676883
155, 0.5512820512820513, 1.7626901055800317, 0.7644371345029239
160, 0.5897435897435898, 1.7559763533057138, 0.8040038464900777
165, 0.5833333333333334, 1.7490475173806983, 0.7977157192843466
170, 0.6089743589743589, 1.74180612888061, 0.8222222222222223
175, 0.6282051282051282, 1.7340714580634073, 0.8394268774703556
180, 0.6474358974358975, 1.726277603035191, 0.8554304837237603
185, 0.6474358974358975, 1.7181479170976373, 0.8549868370812485
190, 0.6602564102564102, 1.7098094432426807, 0.865160480545096
195, 0.6666666666666666, 1.7011869917632616, 0.87015873015873
200, 0.6730769230769231, 1.6922998083848582, 0.8751012825833482
205, 0.6794871794871795, 1.6832630482523774, 0.5579775648247556
210, 0.6923076923076923, 1.6740043292094249, 0.5885565723152492
215, 0.6987179487179487, 1.664521010489563, 0.5934974955913705
220, 0.7115384615384616, 1.6548766950338882, 0.6369875077256119
225, 0.717948717948718, 1.64514931973876, 0.6495726495726496
230, 0.7307692307692307, 1.6352533764559345, 0.6786292834890966
235, 0.7564102564102564, 1.6252570721031363, 0.7213628180452454
240, 0.7628205128205128, 1.615174625098115, 0.7264093628013364
245, 0.7756410256410257, 1.6049211627844415, 0.7461825767836697
250, 0.7948717948717948, 1.5948270359909504, 0.7741181657848325
255, 0.7948717948717948, 1.5846204337242356, 0.7772336602811274
260, 0.8269230769230769, 1.5743122994080483, 0.8190936055735669
265, 0.8397435897435898, 1.5640783447636117, 0.8342994156947645
270, 0.8525641025641025, 1.5537992871579722, 0.8511269841269841
275, 0.8525641025641025, 1.5437941849551389, 0.8511269841269841
280, 0.8589743589743589, 1.5336762313861834, 0.8598232851823452
285, 0.8589743589743589, 1.5236834861111785, 0.8610661268556005
290, 0.8461538461538461, 1.5137173406060136, 0.8512934879571811
295, 0.8525641025641025, 1.5038340295853228, 0.8564498564498564
300, 0.8461538461538461, 1.4942021693708172, 0.8503289554137012
305, 0.8461538461538461, 1.484626774737773, 0.8503289554137012
310, 0.8461538461538461, 1.475217310653509, 0.8503289554137012
315, 0.8525641025641025, 1.4659956739219646, 0.8570148880575399
320, 0.8589743589743589, 1.4567455524163624, 0.862892597222626
325, 0.8589743589743589, 1.4478279557454776, 0.862892597222626
330, 0.8525641025641025, 1.438984714719659, 0.8555691584067131
335, 0.8589743589743589, 1.4304178873090498, 0.8620672171519629
340, 0.8525641025641025, 1.422031683914767, 0.8557250732008012
345, 0.8397435897435898, 1.413556853269012, 0.84174418759399
350, 0.8397435897435898, 1.405463802210263, 0.84174418759399
355, 0.8397435897435898, 1.3975371809663615, 0.84174418759399
360, 0.8461538461538461, 1.389862382422069, 0.8482608695652174
365, 0.8397435897435898, 1.3823156852917913, 0.84174418759399
370, 0.8269230769230769, 1.3748064109449754, 0.8274820803674242
375, 0.8269230769230769, 1.3676333875893758, 0.8274820803674242
380, 0.8269230769230769, 1.3605693532803378, 0.8274820803674242
385, 0.8269230769230769, 1.3537149042696535, 0.8274820803674242
390, 0.8205128205128205, 1.3470244435592644, 0.8197641747083674
395, 0.8205128205128205, 1.3404708457920849, 0.8197641747083674
400, 0.8205128205128205, 1.3341062236073578, 0.8197641747083674
405, 0.8205128205128205, 1.3279165004535842, 0.8197641747083674
410, 0.8141025641025641, 1.3218512246324512, 0.8120218579234972
415, 0.8141025641025641, 1.315951428941955, 0.8120218579234972
420, 0.8141025641025641, 1.310212682773966, 0.8120218579234972
425, 0.8141025641025641, 1.3046218616983292, 0.8120218579234972
430, 0.8141025641025641, 1.2991767176695244, 0.8120218579234972
435, 0.8141025641025641, 1.2938632516716386, 0.8120218579234972
440, 0.8141025641025641, 1.2886751721996188, 0.8120218579234972
445, 0.8141025641025641, 1.2836428282187573, 0.8120218579234972
450, 0.8141025641025641, 1.278757752784475, 0.8120218579234972
455, 0.8141025641025641, 1.2739361723668299, 0.8120218579234972
460, 0.8141025641025641, 1.269289975772802, 0.8120218579234972
465, 0.8141025641025641, 1.264710225499508, 0.8120218579234972
470, 0.8141025641025641, 1.260303659557619, 0.8120218579234972
475, 0.8141025641025641, 1.255996537500964, 0.8120218579234972
480, 0.8141025641025641, 1.2517745521055768, 0.8120218579234972
485, 0.8141025641025641, 1.2476772928343267, 0.8120218579234972
490, 0.8076923076923077, 1.2436368874825536, 0.8042499903112041
495, 0.8076923076923077, 1.2397215218181172, 0.8042499903112041
500, 0.8141025641025641, 1.2359161148324316, 0.8104847038755351
505, 0.8141025641025641, 1.2321980334401883, 0.8104847038755351
510, 0.8141025641025641, 1.2285949172998751, 0.8104847038755351
515, 0.8012820512820513, 1.2250025561083702, 0.7947650406666801
520, 0.8141025641025641, 1.221535338611615, 0.8104847038755351
525, 0.8012820512820513, 1.218138552020247, 0.7947650406666801
530, 0.8012820512820513, 1.2148476446128451, 0.7947650406666801
535, 0.8076923076923077, 1.2116465736182402, 0.8026459336407408
540, 0.8012820512820513, 1.2084201087700774, 0.7947650406666801
545, 0.8012820512820513, 1.2053270817847017, 0.7947650406666801
550, 0.8012820512820513, 1.2023037395937932, 0.7947650406666801
555, 0.8076923076923077, 1.1993628668703868, 0.8019257129929067
560, 0.8076923076923077, 1.1964764440771907, 0.8019257129929067
565, 0.8012820512820513, 1.1936054496628938, 0.7947650406666801
570, 0.8076923076923077, 1.190834818003318, 0.8019257129929067
575, 0.8076923076923077, 1.1881100516008667, 0.8019257129929067
580, 0.8076923076923077, 1.1854487896871595, 0.8019257129929067
585, 0.8076923076923077, 1.1828428271476505, 0.8019257129929067
590, 0.8076923076923077, 1.1802789683116153, 0.8019257129929067
595, 0.8076923076923077, 1.1777590443648778, 0.8019257129929067
600, 0.8076923076923077, 1.175309721475639, 0.8019257129929067
605, 0.8076923076923077, 1.172893825164245, 0.8019257129929067
610, 0.8076923076923077, 1.1705229075437877, 0.8019257129929067
615, 0.8076923076923077, 1.1681898282977965, 0.8019257129929067
620, 0.8076923076923077, 1.165910858606965, 0.8019257129929067
625, 0.8076923076923077, 1.163674710398263, 0.8019257129929067
630, 0.8076923076923077, 1.161468912174809, 0.8019257129929067
635, 0.8076923076923077, 1.1593142523508098, 0.8019257129929067
640, 0.8141025641025641, 1.1571753096081099, 0.8097021444319307
645, 0.8141025641025641, 1.1550994999258788, 0.8097021444319307
650, 0.8076923076923077, 1.1530370324488253, 0.8019257129929067
655, 0.8141025641025641, 1.1510304943651877, 0.8097021444319307
660, 0.8141025641025641, 1.1490341027503082, 0.8097021444319307
665, 0.8269230769230769, 1.1470739523041258, 0.8236305048335123
670, 0.8269230769230769, 1.145166363035842, 0.8236305048335123
675, 0.8269230769230769, 1.143268693477797, 0.8236305048335123
680, 0.8269230769230769, 1.141422846397944, 0.8236305048335123
685, 0.8269230769230769, 1.1395728098078912, 0.8236305048335123
690, 0.8269230769230769, 1.1377530343497497, 0.8236305048335123
695, 0.8269230769230769, 1.1359871942532098, 0.8236305048335123
0, 0.19230769230769232, 2.3239993963814234, 0.5000851426138783
5, 0.2948717948717949, 2.16386485730691, 0.5362144857943177
10, 0.3269230769230769, 2.0680527285275354, 0.5321637426900585
15, 0.3269230769230769, 2.0098432106172655, 0.5265151515151515
20, 0.3269230769230769, 1.9731652969792697, 0.5132275132275131
25, 0.3269230769230769, 1.9491354225664816, 0.5076923076923077
30, 0.26282051282051283, 1.9326840010998227, 0.20966183574879227
35, 0.3717948717948718, 1.921131426459163, 0.18068535825545173
40, 0.38461538461538464, 1.9125264758713478, 0.5185185185185185
45, 0.391025641025641, 1.9057354680141436, 0.8540706605222734
50, 0.391025641025641, 1.9001501036831967, 0.8540706605222734
55, 0.391025641025641, 1.8951161861274575, 0.8540706605222734
60, 0.391025641025641, 1.890623501317936, 0.8540706605222734
65, 0.391025641025641, 1.8865012861758503, 0.8540706605222734
70, 0.391025641025641, 1.8824303254986603, 0.8540706605222734
75, 0.391025641025641, 1.87844343561566, 0.8540706605222734
80, 0.391025641025641, 1.8744626133775524, 0.8540706605222734
85, 0.391025641025641, 1.8704946702280427, 0.8540706605222734
90, 0.391025641025641, 1.8665113592374591, 0.8540706605222734
95, 0.391025641025641, 1.8624523249749865, 0.8540706605222734
100, 0.391025641025641, 1.8582396849340448, 0.8540706605222734
105, 0.391025641025641, 1.8539781445500227, 0.8540706605222734
110, 0.391025641025641, 1.8496103464914757, 0.8540706605222734
115, 0.391025641025641, 1.8451168077540019, 0.8540706605222734
120, 0.391025641025641, 1.8405278103238918, 0.8540706605222734
125, 0.3974358974358974, 1.8356654679892914, 0.5344254510921177
130, 0.3974358974358974, 1.8307333642782468, 0.5344254510921177
135, 0.3974358974358974, 1.825611367261256, 0.5344254510921177
140, 0.3974358974358974, 1.8203627974685805, 0.5344254510921177
145, 0.3974358974358974, 1.814976062256989, 0.5344254510921177
150, 0.4230769230769231, 1.809175399452738, 0.584681042228212
155, 0.44871794871794873, 1.803321851689675, 0.6288461538461538
160, 0.4551282051282051, 1.7972801552040385, 0.6390802777117816
165, 0.4551282051282051, 1.7910926919636814, 0.6390802777117816
170, 0.4807692307692308, 1.7846794918702291, 0.681592039800995
175, 0.5192307692307693, 1.777896113314872, 0.7326885434657454
180, 0.5512820512820513, 1.7710606158420712, 0.7675531914893616
185, 0.5705128205128205, 1.7639663440948279, 0.7869098013676328
190, 0.5897435897435898, 1.7567063270688448, 0.8052645029389215
195, 0.5961538461538461, 1.749207406234325, 0.8111809656865857
200, 0.6089743589743589, 1.7414907788959653, 0.4997056223313206
205, 0.6346153846153846, 1.7336225314945217, 0.5321356903965601
210, 0.6346153846153846, 1.7255550429348585, 0.5321356903965601
215, 0.6730769230769231, 1.7172779679497454, 0.5821548821548822
220, 0.6794871794871795, 1.708816500662336, 0.6032843137254902
225, 0.6858974358974359, 1.7002385832234956, 0.6231256015437575
230, 0.6923076923076923, 1.6914880623963813, 0.6352389138613722
235, 0.7051282051282052, 1.682591066499939, 0.6583617030218972
240, 0.75, 1.673576354405315, 0.7210884353741496
245, 0.7628205128205128, 1.6643375066784778, 0.746295784593657
250, 0.7692307692307693, 1.6551549354203696, 0.754986969912343
255, 0.782051282051282, 1.6458426913638733, 0.7718426501035197
260, 0.8012820512820513, 1.6363429088749564, 0.7995400694266358
265, 0.7692307692307693, 1.6268775478332849, 0.7695131464231634
270, 0.8076923076923077, 1.6172461932067326, 0.8126226583407671
275, 0.8076923076923077, 1.6077944049552015, 0.8126226583407671
280, 0.8141025641025641, 1.5981916847473532, 0.8194798487196148
285, 0.8141025641025641, 1.5886194826920346, 0.8191337432108297
290, 0.8333333333333334, 1.5790357288655392, 0.8380495676531482
295, 0.8333333333333334, 1.5693865848130057, 0.8380495676531482
300, 0.8269230769230769, 1.55992082657554, 0.8320556985894042
305, 0.8269230769230769, 1.5504579854118594, 0.8305250305250306
310, 0.8333333333333334, 1.5410927121279225, 0.8368945868945868
315, 0.8205128205128205, 1.5318727964203473, 0.8240321769733535
320, 0.8076923076923077, 1.5224853089573605, 0.8075567068932837
325, 0.8076923076923077, 1.5133892578662649, 0.8075567068932837
330, 0.8012820512820513, 1.5043182589505821, 0.79992503874402
335, 0.8012820512820513, 1.4954845628695117, 0.79992503874402
340, 0.8012820512820513, 1.486802897056164, 0.79992503874402
345, 0.7948717948717948, 1.4778861425214334, 0.7922646721919008
350, 0.7948717948717948, 1.4693588378780096, 0.7922646721919008
355, 0.7948717948717948, 1.4609553365037995, 0.7922646721919008
360, 0.7948717948717948, 1.4527895136801352, 0.7922646721919008
365, 0.7948717948717948, 1.4447230473418138, 0.7922646721919008
370, 0.7948717948717948, 1.4365875054836312, 0.7901529406088676
375, 0.7948717948717948, 1.4288116280310992, 0.7901529406088676
380, 0.7948717948717948, 1.421107075901755, 0.7901529406088676
385, 0.7948717948717948, 1.413608428781216, 0.7901529406088676
390, 0.7948717948717948, 1.4062446711253198, 0.7901529406088676
395, 0.7948717948717948, 1.3989687448857153, 0.7901529406088676
400, 0.7884615384615384, 1.3918982057517586, 0.7823938307809275
405, 0.7884615384615384, 1.3849721685481227, 0.7823938307809275
410, 0.7948717948717948, 1.3781669633051543, 0.7879453294473057
415, 0.7948717948717948, 1.3715067066396398, 0.7879453294473057
420, 0.7884615384615384, 1.3649782809594158, 0.7801126146580692
425, 0.7884615384615384, 1.3586149661633766, 0.7801126146580692
430, 0.7884615384615384, 1.3523697525487763, 0.7801126146580692
435, 0.7884615384615384, 1.3462659609280683, 0.7801126146580692
440, 0.7884615384615384, 1.3402590450072347, 0.7801126146580692
445, 0.7884615384615384, 1.334390762484192, 0.7801126146580692
450, 0.7884615384615384, 1.3286906790584796, 0.7801126146580692
455, 0.7884615384615384, 1.323019526203685, 0.7801126146580692
460, 0.7884615384615384, 1.3175333426910147, 0.7801126146580692
465, 0.7884615384615384, 1.312089107459786, 0.7801126146580692
470, 0.7884615384615384, 1.3068138139185919, 0.7801126146580692
475, 0.7884615384615384, 1.3016384032665855, 0.7801126146580692
480, 0.7884615384615384, 1.2965268902175784, 0.7801126146580692
485, 0.7884615384615384, 1.291534429131005, 0.7801126146580692
490, 0.7884615384615384, 1.286578214755665, 0.7801126146580692
495, 0.7884615384615384, 1.2817398050603366, 0.7801126146580692
500, 0.7884615384615384, 1.2770047189677995, 0.7801126146580692
505, 0.7884615384615384, 1.2723406199432885, 0.7801126146580692
510, 0.7884615384615384, 1.2677882601315063, 0.7801126146580692
515, 0.7884615384615384, 1.2632009121391963, 0.7801126146580692
520, 0.7884615384615384, 1.2587343644902933, 0.7801126146580692
525, 0.7884615384615384, 1.2543296332813612, 0.7801126146580692
530, 0.7884615384615384, 1.2500141037116297, 0.7801126146580692
535, 0.7884615384615384, 1.2457756300790166, 0.7801126146580692
540, 0.7884615384615384, 1.241452456758481, 0.7801126146580692
545, 0.7884615384615384, 1.2372617443312228, 0.7801126146580692
550, 0.7884615384615384, 1.233124193311011, 0.7801126146580692
555, 0.7884615384615384, 1.2290435868768337, 0.7801126146580692
560, 0.7884615384615384, 1.2250016328117066, 0.7801126146580692
565, 0.7884615384615384, 1.220919621447454, 0.7801126146580692
570, 0.7884615384615384, 1.2169194538434915, 0.7801126146580692
575, 0.7884615384615384, 1.2129477803024098, 0.7801126146580692
580, 0.7884615384615384, 1.208999622623686, 0.7801126146580692
585, 0.7884615384615384, 1.2050822337800178, 0.7801126146580692
590, 0.7884615384615384, 1.2011622913629505, 0.7801126146580692
595, 0.7884615384615384, 1.1972523789174723, 0.7801126146580692
600, 0.7948717948717948, 1.193388769480324, 0.7862355932562953
605, 0.7948717948717948, 1.1895036561910588, 0.7862355932562953
610, 0.7948717948717948, 1.1856440971328088, 0.7862355932562953
615, 0.7948717948717948, 1.1817680537194322, 0.7862355932562953
620, 0.7948717948717948, 1.1779109359723958, 0.7862355932562953
625, 0.7948717948717948, 1.1740568549390038, 0.7862355932562953
630, 0.7948717948717948, 1.1701846941721026, 0.7862355932562953
635, 0.7948717948717948, 1.1663288982818314, 0.7862355932562953
640, 0.7884615384615384, 1.162426676899782, 0.7806610331362807
645, 0.7884615384615384, 1.1585561719674355, 0.7806610331362807
650, 0.7948717948717948, 1.1546602201909586, 0.7879323920700436
655, 0.8012820512820513, 1.1507480711800362, 0.7935425960178435
660, 0.7948717948717948, 1.1468165765455474, 0.7879323920700436
665, 0.8012820512820513, 1.1428529030719108, 0.7956676003734827
670, 0.8012820512820513, 1.138916371155846, 0.7956676003734827
675, 0.8012820512820513, 1.1349328579584186, 0.7956676003734827
680, 0.8012820512820513, 1.1309343948731665, 0.7956676003734827
685, 0.8012820512820513, 1.1268859377746427, 0.7956676003734827
690, 0.8076923076923077, 1.1228165165866384, 0.8027695636494769
695, 0.8205128205128205, 1.1187755949514244, 0.8168007662835249
0, 0.391025641025641, 2.220825741930376, 0.8540706605222734
5, 0.391025641025641, 2.0640512557416426, 0.8540706605222734
10, 0.391025641025641, 1.9872985948051394, 0.8540706605222734
15, 0.391025641025641, 1.9482273698140318, 0.8540706605222734
20, 0.391025641025641, 1.927105145435504, 0.8540706605222734
25, 0.391025641025641, 1.9153026221074976, 0.8540706605222734
30, 0.391025641025641, 1.9083213233198386, 0.8540706605222734
35, 0.391025641025641, 1.9039505006682613, 0.8540706605222734
40, 0.391025641025641, 1.901068376886078, 0.8540706605222734
45, 0.391025641025641, 1.8989451474199495, 0.8540706605222734
50, 0.391025641025641, 1.8973418670430446, 0.8540706605222734
55, 0.391025641025641, 1.8959435640115383, 0.8540706605222734
60, 0.391025641025641, 1.8947287135418787, 0.8540706605222734
65, 0.391025641025641, 1.8936624230444665, 0.8540706605222734
70, 0.391025641025641, 1.8926171315495246, 0.8540706605222734
75, 0.391025641025641, 1.891641278532557, 0.8540706605222734
80, 0.391025641025641, 1.8906670140283273, 0.8540706605222734
85, 0.391025641025641, 1.8897265542565564, 0.8540706605222734
90, 0.391025641025641, 1.8888070861126312, 0.8540706605222734
95, 0.391025641025641, 1.8879127358107657, 0.8540706605222734
100, 0.391025641025641, 1.8869933034325475, 0.8540706605222734
105, 0.391025641025641, 1.8860834892264189, 0.8540706605222734
110, 0.391025641025641, 1.8851907426577008, 0.8540706605222734
115, 0.391025641025641, 1.8842804508552986, 0.8540706605222734
120, 0.391025641025641, 1.8833921951257935, 0.8540706605222734
125, 0.391025641025641, 1.8824674199396025, 0.8540706605222734
130, 0.391025641025641, 1.8815388974856222, 0.8540706605222734
135, 0.391025641025641, 1.880618804265879, 0.8540706605222734
140, 0.391025641025641, 1.879671903169736, 0.8540706605222734
145, 0.391025641025641, 1.878736147847686, 0.8540706605222734
150, 0.391025641025641, 1.8777488569555225, 0.8540706605222734
155, 0.391025641025641, 1.8767466901241021, 0.8540706605222734
160, 0.391025641025641, 1.8757518506491992, 0.8540706605222734
165, 0.391025641025641, 1.874717055619951, 0.8540706605222734
170, 0.391025641025641, 1.8736712328904643, 0.8540706605222734
175, 0.391025641025641, 1.8725909076856364, 0.8540706605222734
180, 0.391025641025641, 1.8714799145634073, 0.8540706605222734
185, 0.391025641025641, 1.8703552045664986, 0.8540706605222734
190, 0.391025641025641, 1.8691832655682903, 0.8540706605222734
195, 0.391025641025641, 1.8679885782663912, 0.8540706605222734
200, 0.391025641025641, 1.866757254366263, 0.8540706605222734
205, 0.391025641025641, 1.8654828719239858, 0.8540706605222734
210, 0.391025641025641, 1.8641831164719707, 0.8540706605222734
215, 0.391025641025641, 1.8628189698519544, 0.8540706605222734
220, 0.391025641025641, 1.8614371335168078, 0.8540706605222734
225, 0.391025641025641, 1.8600055676869662, 0.8540706605222734
230, 0.391025641025641, 1.8585137447316555, 0.8540706605222734
235, 0.391025641025641, 1.8569884405214692, 0.8540706605222734
240, 0.391025641025641, 1.8553947361928125, 0.8540706605222734
245, 0.391025641025641, 1.8537562571774713, 0.8540706605222734
250, 0.391025641025641, 1.8520676330901362, 0.8540706605222734
255, 0.391025641025641, 1.8503066001257524, 0.8540706605222734
260, 0.391025641025641, 1.8485015290528701, 0.8540706605222734
265, 0.391025641025641, 1.8466021497172538, 0.8540706605222734
270, 0.391025641025641, 1.8446612689415174, 0.8540706605222734
275, 0.391025641025641, 1.8426509438775416, 0.8540706605222734
280, 0.391025641025641, 1.8405565944648776, 0.8540706605222734
285, 0.3974358974358974, 1.8384087786550392, 0.5344254510921177
290, 0.40384615384615385, 1.8361625251011138, 0.5476378528594413
295, 0.40384615384615385, 1.8338355566354387, 0.5476378528594413
300, 0.40384615384615385, 1.8314484995614781, 0.5476378528594413
305, 0.40384615384615385, 1.8289894617742846, 0.5476378528594413
310, 0.4358974358974359, 1.8264178622652951, 0.6074438970990695
315, 0.4551282051282051, 1.8237810759935722, 0.6390802777117816
320, 0.48717948717948717, 1.8210277781209874, 0.6861686168616862
325, 0.48717948717948717, 1.8182000574756574, 0.6861686168616862
330, 0.5128205128205128, 1.815314052235249, 0.7196729196729197
335, 0.5128205128205128, 1.812300610600713, 0.7196729196729197
340, 0.5256410256410257, 1.8092096020651842, 0.7377170985418409
345, 0.5512820512820513, 1.805985600364657, 0.7660818713450291
350, 0.5512820512820513, 1.8026683983321523, 0.7660818713450291
355, 0.5641025641025641, 1.7993208057514836, 0.7794326241134751
360, 0.5641025641025641, 1.795826038067052, 0.7794326241134751
365, 0.5641025641025641, 1.7922448080847095, 0.7794326241134751
370, 0.5833333333333334, 1.7885478792528835, 0.7985455334852926
375, 0.5897435897435898, 1.7847637547771875, 0.8046928916494135
380, 0.5897435897435898, 1.7809012654094123, 0.8046928916494135
385, 0.5961538461538461, 1.776901204365869, 0.8107360977177757
390, 0.5961538461538461, 1.7728221110860762, 0.8107360977177757
395, 0.5833333333333334, 1.7686375452503604, 0.7998348891852416
400, 0.5961538461538461, 1.7643522261699274, 0.8115205155566715
405, 0.5961538461538461, 1.7600049419186843, 0.8115205155566715
410, 0.6025641025641025, 1.7554795610815461, 0.8172284644194757
415, 0.6217948717948718, 1.7509313425223285, 0.8338556067588326
420, 0.6282051282051282, 1.746301158877996, 0.8392434988179668
425, 0.6346153846153846, 1.7415384921633275, 0.844559375316905
430, 0.6346153846153846, 1.7367246175950406, 0.844559375316905
435, 0.6474358974358975, 1.7317748016568715, 0.8549868370812485
440, 0.6538461538461539, 1.726734132227293, 0.8595238095238095
445, 0.6474358974358975, 1.721710095147642, 0.8544817006355467
450, 0.6538461538461539, 1.7165286025092599, 0.8595238095238095
455, 0.6538461538461539, 1.71129469652502, 0.8595238095238095
460, 0.6410256410256411, 1.7058995156492585, 0.848334514528703
465, 0.6410256410256411, 1.7005175080106, 0.848334514528703
470, 0.6474358974358975, 1.6951152404813525, 0.8539159305152072
475, 0.6410256410256411, 1.689578123571618, 0.848334514528703
480, 0.6410256410256411, 1.6840118016910448, 0.848334514528703
485, 0.6410256410256411, 1.6782672752980203, 0.8477173233270795
490, 0.6410256410256411, 1.6725732586806026, 0.8477173233270795
495, 0.6410256410256411, 1.666845237947345, 0.8477173233270795
500, 0.6410256410256411, 1.66107651091472, 0.8477173233270795
505, 0.6410256410256411, 1.6552080459599345, 0.8477173233270795
510, 0.6538461538461539, 1.6492904443171892, 0.8574423480083856
515, 0.6538461538461539, 1.6433323562598308, 0.8574423480083856
520, 0.6538461538461539, 1.6373741829079558, 0.8574423480083856
525, 0.6474358974358975, 1.631415390593228, 0.8518604516166484
530, 0.6538461538461539, 1.6254059790657114, 0.8574423480083856
535, 0.6474358974358975, 1.6193553806974839, 0.8518604516166484
540, 0.6410256410256411, 1.6132000065653638, 0.8462962962962962
545, 0.6410256410256411, 1.6070814017365187, 0.8462962962962962
550, 0.6346153846153846, 1.601030370241245, 0.840747792972131
555, 0.6410256410256411, 1.5949410062614338, 0.8462962962962962
560, 0.6410256410256411, 1.588798721131468, 0.8462962962962962
565, 0.6282051282051282, 1.5825879004258354, 0.8352128883774453
570, 0.6282051282051282, 1.5764628298334529, 0.8352128883774453
575, 0.6282051282051282, 1.5703206286440825, 0.8352128883774453
580, 0.6282051282051282, 1.5641620107970478, 0.8352128883774453
585, 0.6282051282051282, 1.5580034300376648, 0.8352128883774453
590, 0.6282051282051282, 1.5517965980976784, 0.8352128883774453
595, 0.6282051282051282, 1.5456508189577292, 0.8352128883774453
600, 0.6282051282051282, 1.5395355969179978, 0.8352128883774453
605, 0.6282051282051282, 1.5333156752989527, 0.8352128883774453
610, 0.6282051282051282, 1.527167259512574, 0.8352128883774453
615, 0.6282051282051282, 1.5210241698946474, 0.8352128883774453
620, 0.6282051282051282, 1.5148899255896002, 0.8352128883774453
625, 0.6282051282051282, 1.5087630201366535, 0.8352128883774453
630, 0.6282051282051282, 1.502599930232791, 0.8352128883774453
635, 0.6282051282051282, 1.4964274823233976, 0.8352128883774453
640, 0.6282051282051282, 1.490324481031546, 0.8352128883774453
645, 0.6282051282051282, 1.4842123482265102, 0.8352128883774453
650, 0.6282051282051282, 1.4780568953761417, 0.8352128883774453
655, 0.6282051282051282, 1.4718477586242995, 0.8352128883774453
660, 0.6282051282051282, 1.465695592585723, 0.8352128883774453
665, 0.6282051282051282, 1.459558095485875, 0.8352128883774453
670, 0.6282051282051282, 1.4534031179537477, 0.8352128883774453
675, 0.6282051282051282, 1.4472107327550316, 0.8352128883774453
680, 0.6282051282051282, 1.4409137039524254, 0.8352128883774453
685, 0.6282051282051282, 1.4346585305698656, 0.8352128883774453
690, 0.6282051282051282, 1.4283733347212786, 0.8352128883774453
695, 0.6282051282051282, 1.4221089375773979, 0.8352128883774453
0, 0.28205128205128205, 1.9842057584876756, 0.8133333333333334
5, 0.28205128205128205, 1.9355995907027561, 0.8133333333333334
10, 0.0641025641025641, 1.9088214926544826, 0.3902702702702703
15, 0.391025641025641, 1.8952068555898745, 0.8540706605222734
20, 0.391025641025641, 1.8871975511178847, 0.8540706605222734
25, 0.391025641025641, 1.882639204262253, 0.8540706605222734
30, 0.391025641025641, 1.8797048643521646, 0.8540706605222734
35, 0.391025641025641, 1.8775276787372057, 0.8540706605222734
40, 0.391025641025641, 1.8758933746594466, 0.8540706605222734
45, 0.391025641025641, 1.874295734528768, 0.8540706605222734
50, 0.391025641025641, 1.8727949767359076, 0.8540706605222734
55, 0.391025641025641, 1.8712532577662289, 0.8540706605222734
60, 0.391025641025641, 1.8696445370998764, 0.8540706605222734
65, 0.391025641025641, 1.8680359047319837, 0.8540706605222734
70, 0.391025641025641, 1.8662622026776017, 0.8540706605222734
75, 0.391025641025641, 1.8644434490253183, 0.8540706605222734
80, 0.391025641025641, 1.8625141469520003, 0.8540706605222734
85, 0.391025641025641, 1.8604472319713454, 0.8540706605222734
90, 0.391025641025641, 1.8582947171151862, 0.8540706605222734
95, 0.391025641025641, 1.8560008581900571, 0.8540706605222734
100, 0.391025641025641, 1.8535445089664364, 0.8540706605222734
105, 0.391025641025641, 1.8509758939689915, 0.8540706605222734
110, 0.391025641025641, 1.84822952954186, 0.8540706605222734
115, 0.391025641025641, 1.8453395210023733, 0.8540706605222734
120, 0.391025641025641, 1.8423042864395989, 0.8540706605222734
125, 0.391025641025641, 1.8390113797299144, 0.8540706605222734
130, 0.391025641025641, 1.8355911887109857, 0.8540706605222734
135, 0.391025641025641, 1.8319378864994083, 0.8540706605222734
140, 0.391025641025641, 1.8281292100011837, 0.8540706605222734
145, 0.40384615384615385, 1.8241391455620886, 0.5476378528594413
150, 0.42948717948717946, 1.8197729090053518, 0.5962417893073917
155, 0.4358974358974359, 1.8152870665058178, 0.6074438970990695
160, 0.4358974358974359, 1.8105831244556543, 0.6074438970990695
165, 0.4358974358974359, 1.8056977700485857, 0.6074438970990695
170, 0.4358974358974359, 1.8005651779150502, 0.6074438970990695
175, 0.46153846153846156, 1.795092085416232, 0.6544117647058824
180, 0.46794871794871795, 1.789498931502791, 0.6637110016420361
185, 0.46794871794871795, 1.7836487090219082, 0.6683250414593699
190, 0.4807692307692308, 1.7775974107370438, 0.685577646687544
195, 0.4807692307692308, 1.7713013457839115, 0.685577646687544
200, 0.5384615384615384, 1.7647915359448332, 0.7540260908681962
205, 0.5448717948717948, 1.7580826364124413, 0.7608554908132966
210, 0.5448717948717948, 1.7511855199470443, 0.76232917409388
215, 0.5576923076923077, 1.7440303767258216, 0.7752740692499728
220, 0.5448717948717948, 1.73669365403954, 0.7647915996999893
225, 0.5512820512820513, 1.729228278286282, 0.7710196779964221
230, 0.5641025641025641, 1.7215326533602844, 0.7831649831649831
235, 0.5769230769230769, 1.7136996411732464, 0.794923012900541
240, 0.5897435897435898, 1.7056754438649984, 0.8064726501997228
245, 0.5897435897435898, 1.6974319613810678, 0.8063492063492065
250, 0.5961538461538461, 1.6891899784284043, 0.811900886236209
255, 0.5961538461538461, 1.6807406556204807, 0.8117665809973502
260, 0.5897435897435898, 1.6721130854839537, 0.8063492063492065
265, 0.6089743589743589, 1.6634161277936057, 0.8217514955379034
270, 0.6025641025641025, 1.6545431074630714, 0.8162914321450908
275, 0.6153846153846154, 1.6457591202974906, 0.5045140807395129
280, 0.6153846153846154, 1.6367607363351904, 0.5145030760972791
285, 0.6346153846153846, 1.6277304580032474, 0.5487571129080563
290, 0.6346153846153846, 1.6186185974994705, 0.5570709956858599
295, 0.6474358974358975, 1.6093996749274622, 0.5832865911631441
300, 0.6474358974358975, 1.6002684529874893, 0.5832865911631441
305, 0.6602564102564102, 1.591085731831406, 0.6078020306655157
310, 0.6858974358974359, 1.5818988527619693, 0.6469446211652823
315, 0.6794871794871795, 1.5727742477580524, 0.6451496334327805
320, 0.7307692307692307, 1.563467411507686, 0.7207388382761518
325, 0.7371794871794872, 1.5543451319494674, 0.7292438185014776
330, 0.7564102564102564, 1.5451911168267911, 0.7537545787545786
335, 0.7692307692307693, 1.5361566600094971, 0.7674393787069843
340, 0.7628205128205128, 1.5272128251058827, 0.7616194583521801
345, 0.8205128205128205, 1.518022301415282, 0.8256612274871489
350, 0.8269230769230769, 1.5091138815200433, 0.8325555886071242
355, 0.8397435897435898, 1.5002637016062086, 0.846107110946308
360, 0.8397435897435898, 1.4915406979540318, 0.846107110946308
365, 0.8461538461538461, 1.4828805045197506, 0.8527745403340551
370, 0.8397435897435898, 1.474115600207506, 0.8456427075126575
375, 0.8397435897435898, 1.4656184010238305, 0.8456427075126575
380, 0.8525641025641025, 1.4571455240254267, 0.8587500857515263
385, 0.8589743589743589, 1.4487883871052172, 0.8652192287758353
390, 0.8589743589743589, 1.4405175909332382, 0.8652192287758353
395, 0.8589743589743589, 1.4323004590174908, 0.8652192287758353
400, 0.8589743589743589, 1.4242088513423201, 0.8652192287758353
405, 0.8653846153846154, 1.4162359356205754, 0.8716379291600531
410, 0.8589743589743589, 1.4083099726418349, 0.8644592489476649
415, 0.8589743589743589, 1.4004800270693718, 0.8644592489476649
420, 0.8589743589743589, 1.3927591822731307, 0.8644592489476649
425, 0.8525641025641025, 1.3851401527060305, 0.8572938937151001
430, 0.8525641025641025, 1.3776129608421825, 0.8572938937151001
435, 0.8525641025641025, 1.370171099966326, 0.8572938937151001
440, 0.8525641025641025, 1.3627880694391883, 0.8572938937151001
445, 0.8589743589743589, 1.3555280313540277, 0.8634920634920634
450, 0.8653846153846154, 1.3483891301898874, 0.8696696696696696
455, 0.8717948717948718, 1.3412682180068543, 0.8760338760338761
460, 0.8717948717948718, 1.3342835792202528, 0.8760338760338761
465, 0.8717948717948718, 1.3273050807561604, 0.8760338760338761
470, 0.8782051282051282, 1.3204774784355675, 0.8822036822036822
475, 0.8782051282051282, 1.3137461336872345, 0.8822036822036822
480, 0.8782051282051282, 1.3070463085655442, 0.8822036822036822
485, 0.8782051282051282, 1.3004478455436395, 0.8822036822036822
490, 0.8717948717948718, 1.293838733241168, 0.8752305665349144
495, 0.8782051282051282, 1.2873516754487366, 0.8822036822036822
500, 0.8717948717948718, 1.2809802859962738, 0.8752305665349144
505, 0.8717948717948718, 1.2746346433665054, 0.8752305665349144
510, 0.8782051282051282, 1.2683732975821236, 0.8822036822036822
515, 0.8653846153846154, 1.2620856779980463, 0.868265968354752
520, 0.8782051282051282, 1.255909505392548, 0.8814484608262031
525, 0.8717948717948718, 1.2498059803658053, 0.8745489819772151
530, 0.8782051282051282, 1.2437471207257604, 0.8808163001711389
535, 0.8846153846153846, 1.2377473934165943, 0.8876524039567517
540, 0.8717948717948718, 1.2317086508768194, 0.8745489819772151
545, 0.8782051282051282, 1.2257783227387908, 0.8808163001711389
550, 0.8782051282051282, 1.2199146782308503, 0.8808163001711389
555, 0.8782051282051282, 1.2140657125627723, 0.8808163001711389
560, 0.8782051282051282, 1.208257121968848, 0.8808163001711389
565, 0.8782051282051282, 1.2024409769625546, 0.8808163001711389
570, 0.8782051282051282, 1.1967126828794725, 0.8808163001711389
575, 0.8782051282051282, 1.1910109651767196, 0.8808163001711389
580, 0.8782051282051282, 1.1853165528384195, 0.8808163001711389
585, 0.8782051282051282, 1.1796533264907292, 0.8808163001711389
590, 0.8782051282051282, 1.1740132105757688, 0.8808163001711389
595, 0.8846153846153846, 1.1683922397703552, 0.8876524039567517
600, 0.8910256410256411, 1.1628446441765183, 0.8938454641672631
605, 0.8910256410256411, 1.1572558801831512, 0.8938454641672631
610, 0.8910256410256411, 1.1516946315893992, 0.8938454641672631
615, 0.8974358974358975, 1.1461491489789564, 0.9000307029537201
620, 0.8974358974358975, 1.1406520880206694, 0.9000307029537201
625, 0.9038461538461539, 1.1351720379381436, 0.9062111801242235
630, 0.9038461538461539, 1.1296703378629285, 0.9062111801242235
635, 0.9038461538461539, 1.1241972068730077, 0.9062111801242235
640, 0.9038461538461539, 1.1186991779878106, 0.9062111801242235
645, 0.9038461538461539, 1.1132798790968017, 0.9062111801242235
650, 0.9038461538461539, 1.1078672396149187, 0.9062111801242235
655, 0.9038461538461539, 1.102426158084703, 0.9062111801242235
660, 0.9038461538461539, 1.0969782971637487, 0.9062111801242235
665, 0.9038461538461539, 1.09152896176814, 0.9062111801242235
670, 0.9038461538461539, 1.0861743559441563, 0.9062111801242235
675, 0.9038461538461539, 1.080777071227678, 0.9062111801242235
680, 0.9038461538461539, 1.075388630561185, 0.9062111801242235
685, 0.9038461538461539, 1.0699486083407006, 0.9062111801242235
690, 0.9038461538461539, 1.0645450171063169, 0.9062111801242235
695, 0.9102564102564102, 1.0592231669405596, 0.9123899588667205
0, 0.391025641025641, 2.1541674609816144, 0.8540706605222734
5, 0.391025641025641, 2.0576772892915707, 0.8540706605222734
10, 0.391025641025641, 1.995193948552058, 0.8540706605222734
15, 0.391025641025641, 1.9537428855963361, 0.8540706605222734
20, 0.391025641025641, 1.926580088624521, 0.8540706605222734
25, 0.391025641025641, 1.9086191994150887, 0.8540706605222734
30, 0.391025641025641, 1.8967595859206756, 0.8540706605222734
35, 0.391025641025641, 1.888649556543329, 0.8540706605222734
40, 0.391025641025641, 1.8828434936389187, 0.8540706605222734
45, 0.391025641025641, 1.8786734551908233, 0.8540706605222734
50, 0.391025641025641, 1.875343552036253, 0.8540706605222734
55, 0.391025641025641, 1.8728032511574055, 0.8540706605222734
60, 0.391025641025641, 1.870606731923947, 0.8540706605222734
65, 0.391025641025641, 1.8683759704688627, 0.8540706605222734
70, 0.391025641025641, 1.866472153887189, 0.8540706605222734
75, 0.391025641025641, 1.8644405409712306, 0.8540706605222734
80, 0.391025641025641, 1.8625471131457578, 0.8540706605222734
85, 0.391025641025641, 1.8605363945038296, 0.8540706605222734
90, 0.391025641025641, 1.8584172831619055, 0.8540706605222734
95, 0.391025641025641, 1.8562778849489787, 0.8540706605222734
100, 0.391025641025641, 1.8539053698365149, 0.8540706605222734
105, 0.391025641025641, 1.851525107235505, 0.8540706605222734
110, 0.391025641025641, 1.8490032149082531, 0.8540706605222734
115, 0.391025641025641, 1.846361827153042, 0.8540706605222734
120, 0.391025641025641, 1.8436496471383754, 0.8540706605222734
125, 0.391025641025641, 1.840609819678193, 0.8540706605222734
130, 0.391025641025641, 1.8375406762954565, 0.8540706605222734
135, 0.391025641025641, 1.8342749424989557, 0.8540706605222734
140, 0.391025641025641, 1.8309095131862119, 0.8540706605222734
145, 0.391025641025641, 1.8274286272996192, 0.8540706605222734
150, 0.391025641025641, 1.8235119835828226, 0.8540706605222734
155, 0.391025641025641, 1.8195916082823829, 0.8540706605222734
160, 0.391025641025641, 1.8154724810044218, 0.8540706605222734
165, 0.391025641025641, 1.811226215248401, 0.8540706605222734
170, 0.391025641025641, 1.806792781063535, 0.8540706605222734
175, 0.391025641025641, 1.801969642347194, 0.8540706605222734
180, 0.3974358974358974, 1.7971328991247315, 0.5364197530864198
185, 0.3974358974358974, 1.792022643195839, 0.5364197530864198
190, 0.41025641025641024, 1.7867656385303097, 0.5659176774706701
195, 0.4358974358974359, 1.7812825351043182, 0.6184873949579832
200, 0.4358974358974359, 1.7755787340097988, 0.6184873949579832
205, 0.44871794871794873, 1.7697161343543841, 0.6420537010159652
210, 0.4551282051282051, 1.7636295255898382, 0.6532474503488995
215, 0.48717948717948717, 1.757367511518554, 0.7041449907702635
220, 0.5256410256410257, 1.750874332781012, 0.7562009419152277
225, 0.5384615384615384, 1.7442300612729902, 0.771811047853516
230, 0.5512820512820513, 1.7374127659762273, 0.7866847826086957
235, 0.5641025641025641, 1.730387365158795, 0.800889547813195
240, 0.5833333333333334, 1.7232298503663732, 0.8210724093077034
245, 0.6025641025641025, 1.7158177981516132, 0.8400621118012422
250, 0.6153846153846154, 1.7083418439954623, 0.8521352065655864
255, 0.6282051282051282, 1.7007288236101903, 0.8637860082304526
260, 0.6346153846153846, 1.6928554709033916, 0.8694645047009129
265, 0.6474358974358975, 1.6849692902084474, 0.5558287037764269
270, 0.6602564102564102, 1.676804215481577, 0.5749985025456723
275, 0.6602564102564102, 1.6687118582633582, 0.5749985025456723
280, 0.6794871794871795, 1.660414653671729, 0.6064875844629607
285, 0.6858974358974359, 1.6520482476718195, 0.6189092011073435
290, 0.7051282051282052, 1.6436167312680958, 0.6587933127860278
295, 0.7051282051282052, 1.6349539034833838, 0.658019216555802
300, 0.7115384615384616, 1.6263756560455103, 0.6730519429354862
305, 0.7307692307692307, 1.6176927635218723, 0.7029222235594018
310, 0.7564102564102564, 1.609013942494665, 0.7362674362674363
315, 0.7756410256410257, 1.600360487361412, 0.762382585925166
320, 0.782051282051282, 1.5914313589559026, 0.7707407407407408
325, 0.782051282051282, 1.5826649166712763, 0.7707407407407408
330, 0.8205128205128205, 1.5737998870019574, 0.8178062678062679
335, 0.8205128205128205, 1.5650542728005767, 0.8178062678062679
340, 0.8269230769230769, 1.5563506185783926, 0.8252017087460125
345, 0.8397435897435898, 1.547341516514217, 0.8391354549210872
350, 0.8525641025641025, 1.5385794244709194, 0.8532409549336668
355, 0.8525641025641025, 1.5298149949435766, 0.8532409549336668
360, 0.8525641025641025, 1.5211738818929992, 0.8532409549336668
365, 0.8589743589743589, 1.5125431989795803, 0.8601571063207892
370, 0.8397435897435898, 1.5037757388358173, 0.8419028315976238
375, 0.8525641025641025, 1.4952393258180472, 0.8550662012352218
380, 0.8461538461538461, 1.4866871323518573, 0.8486758575746339
385, 0.8589743589743589, 1.4782321286991065, 0.8619981846513198
390, 0.8717948717948718, 1.4698223875603702, 0.8750504647682066
395, 0.8910256410256411, 1.46147227700184, 0.8941923282238999
400, 0.8910256410256411, 1.4531882677935537, 0.8941923282238999
405, 0.8974358974358975, 1.4449920317568372, 0.9004716091303528
410, 0.8974358974358975, 1.4368430857244094, 0.9004716091303528
415, 0.8846153846153846, 1.4287609851046235, 0.8879070777247069
420, 0.8846153846153846, 1.4207783894884127, 0.8879070777247069
425, 0.8846153846153846, 1.4128499979770133, 0.8879070777247069
430, 0.8846153846153846, 1.405012221481404, 0.8879070777247069
435, 0.8846153846153846, 1.3972370836784995, 0.8879070777247069
440, 0.8846153846153846, 1.3895142303205337, 0.8878759466282005
445, 0.8846153846153846, 1.3818988210223304, 0.8878759466282005
450, 0.8846153846153846, 1.374352773427566, 0.8878759466282005
455, 0.8846153846153846, 1.3668375600030662, 0.8878759466282005
460, 0.8974358974358975, 1.35943218238198, 0.9000666541989748
465, 0.8974358974358975, 1.3520303461533316, 0.9000666541989748
470, 0.8974358974358975, 1.3447770658733067, 0.9000666541989748
475, 0.8974358974358975, 1.3375489807625398, 0.9000666541989748
480, 0.8974358974358975, 1.3303835783098288, 0.9000666541989748
485, 0.9038461538461539, 1.3232863089585265, 0.9061189297935209
490, 0.9038461538461539, 1.3161790689766821, 0.9061189297935209
495, 0.9038461538461539, 1.3091948680437537, 0.9061189297935209
500, 0.9038461538461539, 1.302257271193441, 0.9061189297935209
505, 0.9038461538461539, 1.2953641766417126, 0.9061189297935209
510, 0.9038461538461539, 1.2885486994471766, 0.9061189297935209
515, 0.9038461538461539, 1.281683295899659, 0.9061189297935209
520, 0.9102564102564102, 1.2749182861249293, 0.9127227543968907
525, 0.9102564102564102, 1.268200043803582, 0.9127227543968907
530, 0.9102564102564102, 1.2615071534704778, 0.9127227543968907
535, 0.9102564102564102, 1.2548683390213589, 0.9127227543968907
540, 0.9102564102564102, 1.2481838518994333, 0.9127227543968907
545, 0.9102564102564102, 1.2415784843666535, 0.9127227543968907
550, 0.9102564102564102, 1.2350306325963734, 0.9127227543968907
555, 0.9166666666666666, 1.228459352286642, 0.9193439957475414
560, 0.9166666666666666, 1.2219419242627574, 0.9193439957475414
565, 0.9230769230769231, 1.2154117078709035, 0.9253834621150964
570, 0.9230769230769231, 1.2089230384741636, 0.9253834621150964
575, 0.9230769230769231, 1.2024609266897177, 0.9253834621150964
580, 0.9230769230769231, 1.1959662735853989, 0.9253834621150964
585, 0.9230769230769231, 1.1895132263127597, 0.9253834621150964
590, 0.9230769230769231, 1.1830851337766315, 0.9253834621150964
595, 0.9230769230769231, 1.1766177774568938, 0.9253834621150964
600, 0.9230769230769231, 1.170216580502984, 0.9253834621150964
605, 0.9230769230769231, 1.1637569582888505, 0.9253834621150964
610, 0.9230769230769231, 1.1573503490174966, 0.9253834621150964
615, 0.9230769230769231, 1.150932093955764, 0.9253834621150964
620, 0.9230769230769231, 1.1445114371023803, 0.9253834621150964
625, 0.9230769230769231, 1.1381168202301548, 0.9253834621150964
630, 0.9230769230769231, 1.1316743886511906, 0.9253834621150964
635, 0.9230769230769231, 1.1252824295325212, 0.9253834621150964
640, 0.9294871794871795, 1.1188529783814507, 0.9315144933549323
645, 0.9294871794871795, 1.1124390494496577, 0.9315144933549323
650, 0.9294871794871795, 1.1060428736983727, 0.9315144933549323
655, 0.9294871794871795, 1.099595882329768, 0.9315144933549323
660, 0.9294871794871795, 1.0931829382424958, 0.9315144933549323
665, 0.9358974358974359, 1.0867422022795472, 0.9376508156689353
670, 0.9358974358974359, 1.0803460354489711, 0.9376508156689353
675, 0.9358974358974359, 1.073914389798293, 0.9376508156689353
680, 0.9294871794871795, 1.0674658816371216, 0.9315144933549323
685, 0.9358974358974359, 1.0610217671304116, 0.9376508156689353
690, 0.9423076923076923, 1.0545838264393228, 0.9437955121781817
695, 0.9423076923076923, 1.0481992600617136, 0.9437955121781817
0, 0.28205128205128205, 2.094350762701309, 0.8133333333333334
5, 0.28205128205128205, 2.008791262442223, 0.8133333333333334
10, 0.28205128205128205, 1.9538679512727744, 0.8133333333333334
15, 0.32051282051282054, 1.9203730135173986, 0.554711521070718
20, 0.5833333333333334, 1.8988583513343429, 0.4969855832241154
25, 0.4358974358974359, 1.8848238586125556, 0.41786375596293573
30, 0.4551282051282051, 1.875000848895229, 0.3421788506534269
35, 0.3974358974358974, 1.8678076107472832, 0.5364197530864198
40, 0.391025641025641, 1.8622251130397025, 0.8540706605222734
45, 0.391025641025641, 1.8572967323482727, 0.8540706605222734
50, 0.391025641025641, 1.8528901094062178, 0.8540706605222734
55, 0.391025641025641, 1.84856924391434, 0.8540706605222734
60, 0.391025641025641, 1.8443620716251077, 0.8540706605222734
65, 0.391025641025641, 1.8403103572587993, 0.8540706605222734
70, 0.391025641025641, 1.8359970311080394, 0.8540706605222734
75, 0.391025641025641, 1.8316796684756171, 0.8540706605222734
80, 0.391025641025641, 1.8272294584775193, 0.8540706605222734
85, 0.391025641025641, 1.8226979117137376, 0.8540706605222734
90, 0.391025641025641, 1.8180150036059548, 0.8540706605222734
95, 0.391025641025641, 1.8131794430561599, 0.8540706605222734
100, 0.391025641025641, 1.8081772637518645, 0.8540706605222734
105, 0.391025641025641, 1.8030608877772392, 0.8540706605222734
110, 0.391025641025641, 1.7978300531627995, 0.8540706605222734
115, 0.391025641025641, 1.7923847417455505, 0.8540706605222734
120, 0.3974358974358974, 1.786826230567748, 0.5344254510921177
125, 0.3974358974358974, 1.7810376640027272, 0.5344254510921177
130, 0.3974358974358974, 1.7751520450265168, 0.5344254510921177
135, 0.41025641025641024, 1.7691088996512359, 0.5604015230183454
140, 0.41025641025641024, 1.762891099885427, 0.5604015230183454
145, 0.4230769230769231, 1.756574243486628, 0.584681042228212
150, 0.44871794871794873, 1.7499355980835258, 0.6288461538461538
155, 0.44871794871794873, 1.743242187351982, 0.6288461538461538
160, 0.46153846153846156, 1.7364213776618276, 0.6490239064620524
165, 0.46153846153846156, 1.7294486864401575, 0.6490239064620524
170, 0.48717948717948717, 1.7223423807452356, 0.6861686168616862
175, 0.5448717948717948, 1.7149651805647084, 0.4477057533776749
180, 0.5576923076923077, 1.7075673599278083, 0.469383282730482
185, 0.5833333333333334, 1.7000040197253612, 0.5108021390374331
190, 0.6153846153846154, 1.6922935625705913, 0.5567765567765568
195, 0.6538461538461539, 1.6844740017742457, 0.606549916509266
200, 0.7243589743589743, 1.6765086958739128, 0.6962592021914055
205, 0.7371794871794872, 1.6684482737363555, 0.7119107250905693
210, 0.782051282051282, 1.6602855399576288, 0.7625528467633731
215, 0.7884615384615384, 1.6519541744891673, 0.7712244828292483
220, 0.8076923076923077, 1.6435575374276117, 0.7970269854405876
225, 0.8141025641025641, 1.6350849948646389, 0.8052733120739705
230, 0.8141025641025641, 1.62651504313196, 0.8072801594540725
235, 0.8269230769230769, 1.6178509331628408, 0.8210456210456211
240, 0.8269230769230769, 1.6090999729175945, 0.820752956754642
245, 0.8333333333333334, 1.6002449788977309, 0.8321826536173719
250, 0.8397435897435898, 1.5913872162528142, 0.8379998601447044
255, 0.8525641025641025, 1.5824797328040385, 0.8527523602033407
260, 0.8782051282051282, 1.5734257629363957, 0.8819723539299064
265, 0.8846153846153846, 1.5643681975523696, 0.8895291700169748
270, 0.9038461538461539, 1.555209318184991, 0.9085559427022841
275, 0.8974358974358975, 1.5461044793725818, 0.9026546929772735
280, 0.8974358974358975, 1.5369244604008692, 0.9026546929772735
285, 0.9102564102564102, 1.5276683950369743, 0.9144290771262624
290, 0.9102564102564102, 1.5184128470014817, 0.9144290771262624
295, 0.9166666666666666, 1.5090515694367908, 0.9209760810608353
300, 0.9230769230769231, 1.4997423004598802, 0.9274681878016674
305, 0.9230769230769231, 1.4904258034894458, 0.9265700588641209
310, 0.9294871794871795, 1.4810289466112896, 0.9325361894920623
315, 0.9230769230769231, 1.4716900141480151, 0.9265700588641209
320, 0.9230769230769231, 1.4622118522606011, 0.9265700588641209
325, 0.9294871794871795, 1.4527836345622873, 0.9325361894920623
330, 0.9294871794871795, 1.443354086864293, 0.9325361894920623
335, 0.9294871794871795, 1.4338786070281682, 0.9325361894920623
340, 0.9294871794871795, 1.4244761640910186, 0.9325361894920623
345, 0.9294871794871795, 1.4148849360470688, 0.9325361894920623
350, 0.9294871794871795, 1.4053753355767142, 0.9325361894920623
355, 0.9294871794871795, 1.3958917323566755, 0.9325361894920623
360, 0.9358974358974359, 1.3863506964560353, 0.9385057471264368
365, 0.9358974358974359, 1.3768632170516326, 0.9385057471264368
370, 0.9423076923076923, 1.367246575866614, 0.9444277385645213
375, 0.9358974358974359, 1.3577105653065127, 0.9385057471264368
380, 0.9358974358974359, 1.3481506926667042, 0.9385057471264368
385, 0.9358974358974359, 1.3385283141499553, 0.9385057471264368
390, 0.9423076923076923, 1.3289660711044284, 0.9444815894659154
395, 0.9487179487179487, 1.3193686727557847, 0.9504105090311986
400, 0.9551282051282052, 1.3097469344860582, 0.9564014877494501
405, 0.9551282051282052, 1.3001582716606042, 0.9564014877494501
410, 0.9551282051282052, 1.2904796904104998, 0.9564014877494501
415, 0.9551282051282052, 1.2808623262905225, 0.9564014877494501
420, 0.9551282051282052, 1.271220079336151, 0.9564014877494501
425, 0.9551282051282052, 1.2615926824726496, 0.9564014877494501
430, 0.9551282051282052, 1.2519613108522343, 0.9564014877494501
435, 0.9551282051282052, 1.2422799836211997, 0.9564014877494501
440, 0.9551282051282052, 1.2326345757207189, 0.9564014877494501
445, 0.9551282051282052, 1.2229538667386064, 0.9564014877494501
450, 0.9615384615384616, 1.213344316171629, 0.9629370629370628
455, 0.967948717948718, 1.203703368282161, 0.9694285665865309
460, 0.967948717948718, 1.1940509480621513, 0.9694285665865309
465, 0.967948717948718, 1.1843843383958386, 0.9694285665865309
470, 0.967948717948718, 1.174743833098461, 0.9694285665865309
475, 0.9743589743589743, 1.1651781516045183, 0.9754348326727512
480, 0.9743589743589743, 1.1555603520972246, 0.9754348326727512
485, 0.967948717948718, 1.1459819984651018, 0.9694285665865309
490, 0.9743589743589743, 1.1363427783543227, 0.9754348326727512
495, 0.9743589743589743, 1.1267897390428037, 0.9754348326727512
500, 0.9743589743589743, 1.1173225566092992, 0.9754348326727512
505, 0.9743589743589743, 1.107804218942432, 0.9754348326727512
510, 0.9743589743589743, 1.0983263083323846, 0.9754348326727512
515, 0.9743589743589743, 1.0888593661426758, 0.9754348326727512
520, 0.9743589743589743, 1.0794204695396614, 0.9754348326727512
525, 0.9743589743589743, 1.0700930802203488, 0.9754348326727512
530, 0.9807692307692307, 1.0607303001414679, 0.9814542711256043
535, 0.9807692307692307, 1.0514276075951172, 0.9814542711256043
540, 0.9807692307692307, 1.0421547609212949, 0.9814542711256043
545, 0.9807692307692307, 1.032931582474309, 0.9814542711256043
550, 0.9807692307692307, 1.023810216254442, 0.9814542711256043
555, 0.9871794871794872, 1.0146696017656804, 0.9874898707406198
560, 0.9871794871794872, 1.005610137334853, 0.9874898707406198
565, 0.9871794871794872, 0.9965951639815106, 0.9874898707406198
570, 0.9871794871794872, 0.9876637921048224, 0.9874898707406198
575, 0.9871794871794872, 0.9788059327097713, 0.9874898707406198
580, 0.9871794871794872, 0.9699423682644754, 0.9874898707406198
585, 0.9871794871794872, 0.9611794448801007, 0.9874898707406198
590, 0.9871794871794872, 0.9524974761414915, 0.9874898707406198
595, 0.9871794871794872, 0.9438576130671839, 0.9874898707406198
600, 0.9871794871794872, 0.9353484361177825, 0.9874898707406198
605, 0.9871794871794872, 0.9268153007671017, 0.9874898707406198
610, 0.9871794871794872, 0.9183917444080014, 0.9874898707406198
615, 0.9871794871794872, 0.9100575833422738, 0.9874898707406198
620, 0.9871794871794872, 0.9018112194623725, 0.9874898707406198
625, 0.9871794871794872, 0.8936653007930048, 0.9874898707406198
630, 0.9871794871794872, 0.8855259789047952, 0.9874898707406198
635, 0.9871794871794872, 0.877492534669737, 0.9874898707406198
640, 0.9871794871794872, 0.8695326187691139, 0.9874898707406198
645, 0.9871794871794872, 0.8616826118598245, 0.9874898707406198
650, 0.9871794871794872, 0.8539398850390785, 0.9874898707406198
655, 0.9871794871794872, 0.8462237417002487, 0.9874898707406198
660, 0.9871794871794872, 0.8385792240142348, 0.9874898707406198
665, 0.9871794871794872, 0.8310374393482399, 0.9874898707406198
670, 0.9871794871794872, 0.8236190153520718, 0.9874898707406198
675, 0.9871794871794872, 0.8162725753329808, 0.9874898707406198
680, 0.9871794871794872, 0.8089944190621848, 0.9874898707406198
685, 0.9871794871794872, 0.8017463257665028, 0.9874898707406198
690, 0.9871794871794872, 0.794642719466831, 0.9874898707406198
695, 0.9871794871794872, 0.7876397791046814, 0.9874898707406198
0, 0.3269230769230769, 2.753843564792212, 0.8309178743961353
5, 0.3269230769230769, 2.415731816096215, 0.8309178743961353
10, 0.3269230769230769, 2.210255678901574, 0.8309178743961353
15, 0.3269230769230769, 2.0866056971673506, 0.8309178743961353
20, 0.3269230769230769, 2.0132431438282206, 0.8309178743961353
25, 0.33974358974358976, 1.9677111527697388, 0.5203510130339398
30, 0.36538461538461536, 1.9386947202753686, 0.5891298927948142
35, 0.3333333333333333, 1.9202963879892092, 0.5987725354813963
40, 0.3525641025641026, 1.9077911225812936, 0.5952527801140081
45, 0.3717948717948718, 1.899429069697598, 0.5788644775179148
50, 0.3974358974358974, 1.893542644855014, 0.5880742318223303
55, 0.38461538461538464, 1.888746220914031, 0.5519024669351467
60, 0.391025641025641, 1.8850869786784517, 0.5448773448773448
65, 0.3974358974358974, 1.8820261639402764, 0.5422893276551813
70, 0.3974358974358974, 1.879349665093415, 0.5392101208336713
75, 0.3974358974358974, 1.8768050390125968, 0.537762257143649
80, 0.391025641025641, 1.8743244459451893, 0.5224806201550388
85, 0.391025641025641, 1.8719438290176815, 0.5224806201550388
90, 0.391025641025641, 1.8696054350795752, 0.5224806201550388
95, 0.391025641025641, 1.867264240510254, 0.5224806201550388
100, 0.391025641025641, 1.8648078483911632, 0.5224806201550388
105, 0.391025641025641, 1.8623064766671116, 0.5224806201550388
110, 0.3974358974358974, 1.8597605885467705, 0.20396210163652026
115, 0.3974358974358974, 1.857139509029903, 0.20396210163652026
120, 0.3974358974358974, 1.8544348043912866, 0.20396210163652026
125, 0.40384615384615385, 1.8515952767915154, 0.21742458381499116
130, 0.3974358974358974, 1.848664697873233, 0.20396210163652026
135, 0.40384615384615385, 1.8456318446417856, 0.21742458381499116
140, 0.3974358974358974, 1.8424794333210155, 0.20396210163652026
145, 0.40384615384615385, 1.8392292338330793, 0.21742458381499116
150, 0.4166666666666667, 1.835764000686483, 0.24629702199375558
155, 0.4166666666666667, 1.8321918845738996, 0.24629702199375558
160, 0.4230769230769231, 1.8284987130735801, 0.260867189285324
165, 0.4230769230769231, 1.8246494913451958, 0.26019996774713755
170, 0.4230769230769231, 1.8206475763473242, 0.260867189285324
175, 0.4358974358974359, 1.8164105828483048, 0.2893157651410079
180, 0.4358974358974359, 1.8120555130891967, 0.2893157651410079
185, 0.46794871794871795, 1.8075330410546184, 0.34677467746774676
190, 0.46794871794871795, 1.8027965604272127, 0.34677467746774676
195, 0.46794871794871795, 1.797870131522605, 0.34677467746774676
200, 0.47435897435897434, 1.7927653326662012, 0.35730007968813937
205, 0.4935897435897436, 1.7874368941552798, 0.3861923133137964
210, 0.5064102564102564, 1.781963856131061, 0.40795007461674127
215, 0.5128205128205128, 1.7762174521124454, 0.4172917647982415
220, 0.5641025641025641, 1.7702505527577763, 0.4773994424532059
225, 0.5641025641025641, 1.7640933996969437, 0.4773994424532059
230, 0.5641025641025641, 1.7577157850510503, 0.4773994424532059
235, 0.5641025641025641, 1.7511659245374818, 0.4773994424532059
240, 0.5833333333333334, 1.7443310537134027, 0.49759158065168996
245, 0.6153846153846154, 1.7372560598935605, 0.5431277019144994
250, 0.6089743589743589, 1.7299802122595844, 0.5370535804413219
255, 0.6217948717948718, 1.7225168893116853, 0.5485420340975896
260, 0.6217948717948718, 1.7148037921944859, 0.5485420340975896
265, 0.6410256410256411, 1.7069204352754492, 0.5788363617397201
270, 0.6410256410256411, 1.6986717204165172, 0.5788363617397201
275, 0.6474358974358975, 1.690362060954776, 0.5843504577264587
280, 0.6474358974358975, 1.6818138030881074, 0.5843504577264587
285, 0.6538461538461539, 1.6731039404140007, 0.5900863269284322
290, 0.6794871794871795, 1.6642414951019673, 0.6302618380949062
295, 0.6794871794871795, 1.6549555123450175, 0.6302618380949062
300, 0.6794871794871795, 1.6456832182652112, 0.6302618380949062
305, 0.6794871794871795, 1.6362512004645782, 0.6302618380949062
310, 0.6794871794871795, 1.6267147941008744, 0.6302618380949062
315, 0.7051282051282052, 1.6170948186021101, 0.6717576299275646
320, 0.7115384615384616, 1.6070597577081982, 0.6815019024737694
325, 0.7243589743589743, 1.597106155412191, 0.6933429118773947
330, 0.7371794871794872, 1.5870018350778752, 0.7085411072752845
335, 0.7435897435897436, 1.5769084220981766, 0.714632269546222
340, 0.7435897435897436, 1.5668038077102107, 0.714632269546222
345, 0.75, 1.5562301857747853, 0.7241433153549378
350, 0.7564102564102564, 1.5458847344210447, 0.7334381105134082
355, 0.782051282051282, 1.5354901306850886, 0.7656502367028684
360, 0.7692307692307693, 1.525141633915974, 0.7480038480038481
365, 0.7884615384615384, 1.514772960549231, 0.774205004370101
370, 0.8141025641025641, 1.504135681897752, 0.806832955404384
375, 0.8141025641025641, 1.4937589248680496, 0.806832955404384
380, 0.8333333333333334, 1.4833390041860925, 0.8298433048433048
385, 0.8397435897435898, 1.4729646376855536, 0.8372711208154247
390, 0.8461538461538461, 1.4626119282499697, 0.8445878977569118
395, 0.8589743589743589, 1.4522761552918517, 0.85891082720351
400, 0.8589743589743589, 1.44202992743072, 0.85891082720351
405, 0.8589743589743589, 1.4318887317600313, 0.85891082720351
410, 0.8717948717948718, 1.4217526285529207, 0.8728548424200598
415, 0.8717948717948718, 1.411677902534689, 0.8728548424200598
420, 0.8782051282051282, 1.4016964569980044, 0.8796972154636388
425, 0.8910256410256411, 1.3918374154005506, 0.8931460195828013
430, 0.8782051282051282, 1.382079306004858, 0.8800819048881064
435, 0.9038461538461539, 1.3723719594567192, 0.9063986056352468
440, 0.9102564102564102, 1.3627304388368269, 0.9128205128205128
445, 0.9038461538461539, 1.3532021319645058, 0.9063986056352468
450, 0.9102564102564102, 1.3438356951428712, 0.9128205128205128
455, 0.9102564102564102, 1.3344910485477215, 0.9128205128205128
460, 0.9166666666666666, 1.3253083931303375, 0.9191873736868681
465, 0.9294871794871795, 1.3161006207487516, 0.9317708036086324
470, 0.9166666666666666, 1.3071163602976954, 0.9191873736868681
475, 0.9230769230769231, 1.2982317757033492, 0.9255029244948599
480, 0.9230769230769231, 1.2893898897041693, 0.9255029244948599
485, 0.9294871794871795, 1.2806733860750605, 0.9317708036086324
490, 0.9294871794871795, 1.271928288240121, 0.9317708036086324
495, 0.9294871794871795, 1.2633973252703008, 0.9317708036086324
500, 0.9294871794871795, 1.2549639768862273, 0.9317708036086324
505, 0.9294871794871795, 1.2465915473731126, 0.9317708036086324
510, 0.9358974358974359, 1.23833173445063, 0.9379945590471905
515, 0.9423076923076923, 1.2300458988752243, 0.9441776556776557
520, 0.9423076923076923, 1.221903109114689, 0.9441776556776557
525, 0.9423076923076923, 1.2138489211446784, 0.9441776556776557
530, 0.9423076923076923, 1.2058823442039748, 0.9441776556776557
535, 0.9487179487179487, 1.1979916977667817, 0.9503234820827106
540, 0.9551282051282052, 1.1900449572526897, 0.9564353571322212
545, 0.9551282051282052, 1.1822451067848558, 0.9564353571322212
550, 0.9551282051282052, 1.1745395341716507, 0.9564353571322212
555, 0.9551282051282052, 1.1668797539925329, 0.9564353571322212
560, 0.9551282051282052, 1.159273958566032, 0.9564353571322212
565, 0.9551282051282052, 1.1516707581807228, 0.9564353571322212
570, 0.9551282051282052, 1.1441631500611331, 0.9564353571322212
575, 0.9551282051282052, 1.136714387978073, 0.9564353571322212
580, 0.9551282051282052, 1.1292752850524732, 0.9564353571322212
585, 0.9615384615384616, 1.1219068864334412, 0.962516536287028
590, 0.9615384615384616, 1.1145718498951456, 0.962516536287028
595, 0.9615384615384616, 1.1072653951438256, 0.962516536287028
600, 0.9615384615384616, 1.1000507825872838, 0.962516536287028
605, 0.9615384615384616, 1.0927775929471415, 0.962516536287028
610, 0.9615384615384616, 1.0856046348187824, 0.962516536287028
615, 0.9615384615384616, 1.0784737736222119, 0.962516536287028
620, 0.967948717948718, 1.0713526076241453, 0.9685702176611267
625, 0.9615384615384616, 1.0643087095136146, 0.962516536287028
630, 0.967948717948718, 1.0572224649745567, 0.9685702176611267
635, 0.9743589743589743, 1.0502035138979682, 0.9745995478668745
640, 0.9743589743589743, 1.0432299498118311, 0.9745995478668745
645, 0.9743589743589743, 1.0362684370156041, 0.9745995478668745
650, 0.9743589743589743, 1.0293696676807909, 0.9745995478668745
655, 0.9743589743589743, 1.0224334292702117, 0.9745995478668745
660, 0.9743589743589743, 1.0155706578595263, 0.9745995478668745
665, 0.9743589743589743, 1.008740893735938, 0.9745995478668745
670, 0.9743589743589743, 1.0019578553001212, 0.9745995478668745
675, 0.9743589743589743, 0.9951759682686439, 0.9745995478668745
680, 0.9743589743589743, 0.9883730482039041, 0.9745995478668745
685, 0.9743589743589743, 0.9816561583254065, 0.9745995478668745
690, 0.9743589743589743, 0.9749752044998391, 0.9745995478668745
695, 0.9743589743589743, 0.968351064158604, 0.9745995478668745
