0, 0.33974358974358976, 2.356857938647069, 0.17235772357723575
5, 0.36538461538461536, 2.0963692528811584, 0.5134281200631912
10, 0.36538461538461536, 1.9906844431302677, 0.5142857142857142
15, 0.36538461538461536, 1.9401144330781688, 0.5142857142857142
20, 0.36538461538461536, 1.9109117137302805, 0.5151515151515151
25, 0.3717948717948718, 1.8905501226366128, 0.19458754035304618
30, 0.3717948717948718, 1.8740196735204528, 0.19458754035304618
35, 0.391025641025641, 1.8589864776394454, 0.22492101105845183
40, 0.40384615384615385, 1.8449030034222835, 0.25167464114832533
45, 0.4358974358974359, 1.8312907864728714, 0.31168831168831174
50, 0.4423076923076923, 1.8179411882526648, 0.6464153732446415
55, 0.4551282051282051, 1.8047599509149381, 0.34179676330988734
60, 0.48717948717948717, 1.7913235063862105, 0.7147822309112631
65, 0.5384615384615384, 1.7781088664121136, 0.7797478329393224
70, 0.5833333333333334, 1.765059888931021, 0.4956238361266294
75, 0.5897435897435898, 1.7518996073810593, 0.8314814814814815
80, 0.5897435897435898, 1.7387626103022904, 0.8314814814814815
85, 0.6217948717948718, 1.7252302557432961, 0.8601680672268907
90, 0.6410256410256411, 1.7118609468488348, 0.876321353065539
95, 0.6410256410256411, 1.6986073756431255, 0.876321353065539
100, 0.6410256410256411, 1.6852127381891342, 0.876321353065539
105, 0.6410256410256411, 1.6716875367002855, 0.876321353065539
110, 0.6410256410256411, 1.6578718244111155, 0.876321353065539
115, 0.6410256410256411, 1.6440644165606835, 0.8753812636165578
120, 0.6410256410256411, 1.6304778716740693, 0.8753812636165578
125, 0.6410256410256411, 1.6166929165981376, 0.8753812636165578
130, 0.6602564102564102, 1.602785134144385, 0.5662104830535811
135, 0.6474358974358975, 1.5887453745061528, 0.5539497747446362
140, 0.6474358974358975, 1.5747060753176312, 0.5539497747446362
145, 0.6602564102564102, 1.560933002820012, 0.5735346294486079
150, 0.6538461538461539, 1.546994795600715, 0.5600588599070658
155, 0.6538461538461539, 1.5329470612889073, 0.5674175299672618
160, 0.6538461538461539, 1.5188762293863436, 0.5674175299672618
165, 0.6666666666666666, 1.5048985075796844, 0.5992690058479533
170, 0.6794871794871795, 1.4912131987193329, 0.6172811200782587
175, 0.6858974358974359, 1.4774175480188292, 0.6288529478249759
180, 0.6858974358974359, 1.4635745839293175, 0.6339777256304243
185, 0.6923076923076923, 1.449830759165774, 0.6449193601911462
190, 0.7051282051282052, 1.4362696246061428, 0.6659578238525607
195, 0.7051282051282052, 1.4228895603486116, 0.6659578238525607
200, 0.7115384615384616, 1.409698657738975, 0.6760835913312695
205, 0.7243589743589743, 1.396323575670192, 0.695614211124842
210, 0.7371794871794872, 1.3832051328299189, 0.7142629570372833
215, 0.7564102564102564, 1.3702640005985853, 0.7407685720185085
220, 0.7371794871794872, 1.3575733145875115, 0.7142629570372833
225, 0.7756410256410257, 1.3449172996082621, 0.7657359236306606
230, 0.782051282051282, 1.332245052554192, 0.7737550448892184
235, 0.782051282051282, 1.3199239487863665, 0.7737550448892184
240, 0.8012820512820513, 1.307651628310128, 0.7970045016618285
245, 0.7948717948717948, 1.2956485272083917, 0.7893825472772841
250, 0.8076923076923077, 1.2836770255048997, 0.8032759202971969
255, 0.8076923076923077, 1.2717229728589554, 0.8045071401674248
260, 0.8269230769230769, 1.2600361074173265, 0.8263585793752674
265, 0.8653846153846154, 1.2485075594056805, 0.8675865138533437
270, 0.8461538461538461, 1.2370501027118312, 0.8467490309344866
275, 0.8653846153846154, 1.2256901909021747, 0.8672463887162044
280, 0.8653846153846154, 1.2143221489286142, 0.8672463887162044
285, 0.8782051282051282, 1.2031945565877216, 0.8805402203208385
290, 0.8846153846153846, 1.19216916603064, 0.8870887509850275
295, 0.8782051282051282, 1.1812176104694363, 0.8805402203208385
300, 0.8846153846153846, 1.170284263814239, 0.8870887509850275
305, 0.8846153846153846, 1.159436248339619, 0.8870887509850275
310, 0.8846153846153846, 1.148672310287807, 0.8870887509850275
315, 0.8974358974358975, 1.1379975930101238, 0.9000092996392719
320, 0.8846153846153846, 1.127372838836435, 0.8870887509850275
325, 0.8974358974358975, 1.1167339574981607, 0.9000092996392719
330, 0.8846153846153846, 1.1062502428107204, 0.8870887509850275
335, 0.9230769230769231, 1.0957192437532053, 0.9252509398132
340, 0.9230769230769231, 1.0852629732863524, 0.9252509398132
345, 0.9230769230769231, 1.0748677687933716, 0.9252509398132
350, 0.9230769230769231, 1.0644611876683914, 0.9252509398132
355, 0.9230769230769231, 1.054177254521315, 0.9252509398132
360, 0.9294871794871795, 1.0438444720463878, 0.9314575897159797
365, 0.9294871794871795, 1.0335653940109968, 0.9314575897159797
370, 0.9294871794871795, 1.0233229993229442, 0.9314575897159797
375, 0.9294871794871795, 1.0130465909669188, 0.9314575897159797
380, 0.9294871794871795, 1.002967402409154, 0.9314575897159797
385, 0.9358974358974359, 0.9927683715983148, 0.9376296617937956
390, 0.9358974358974359, 0.9826802955721912, 0.9376296617937956
395, 0.9358974358974359, 0.9725348602557872, 0.9376296617937956
400, 0.9358974358974359, 0.9624569163165643, 0.9376296617937956
405, 0.9487179487179487, 0.9525546510926588, 0.949883399447049
410, 0.9487179487179487, 0.9425301636172, 0.949883399447049
415, 0.9487179487179487, 0.9326803474607829, 0.949883399447049
420, 0.9487179487179487, 0.9227028995711996, 0.949883399447049
425, 0.9487179487179487, 0.9128752024318498, 0.949883399447049
430, 0.9487179487179487, 0.9031719488636767, 0.949883399447049
435, 0.9487179487179487, 0.893423920711102, 0.9497552016649164
440, 0.9487179487179487, 0.883776991378194, 0.949883399447049
445, 0.9551282051282052, 0.8740930071817183, 0.9559715927948496
450, 0.9551282051282052, 0.8645892823010723, 0.9559715927948496
455, 0.9551282051282052, 0.8551495378036126, 0.9559715927948496
460, 0.9615384615384616, 0.8458631182317337, 0.9618614867775003
465, 0.9551282051282052, 0.8364270911538793, 0.9559715927948496
470, 0.9487179487179487, 0.8271273242877192, 0.9497552016649164
475, 0.9487179487179487, 0.8179905050340819, 0.9497552016649164
480, 0.9487179487179487, 0.8089614145164771, 0.9497552016649164
485, 0.9615384615384616, 0.7999773319128801, 0.9618614867775003
490, 0.9487179487179487, 0.7910277246805665, 0.9497552016649164
495, 0.9615384615384616, 0.7821494481096907, 0.9618614867775003
500, 0.9551282051282052, 0.773487546413372, 0.955817009900338
505, 0.9615384615384616, 0.7648659658919686, 0.9618614867775003
510, 0.9615384615384616, 0.7562997221974793, 0.9618614867775003
515, 0.9615384615384616, 0.7478755957681084, 0.9618614867775003
520, 0.9615384615384616, 0.7394712327104456, 0.9618614867775003
525, 0.9615384615384616, 0.7313091056175045, 0.9618614867775003
530, 0.9615384615384616, 0.7231543222380638, 0.9618614867775003
535, 0.967948717948718, 0.7150482571385748, 0.9683443017945121
540, 0.967948717948718, 0.7071476438126479, 0.9683443017945121
545, 0.967948717948718, 0.6992819313739665, 0.9683443017945121
550, 0.967948717948718, 0.6916201900575096, 0.9683443017945121
555, 0.967948717948718, 0.6840150405059287, 0.9683443017945121
560, 0.967948717948718, 0.6764565738971231, 0.9683443017945121
565, 0.967948717948718, 0.6690774625683168, 0.9683443017945121
570, 0.967948717948718, 0.6617262591415889, 0.9683443017945121
575, 0.967948717948718, 0.6546071027078002, 0.9683443017945121
580, 0.967948717948718, 0.6475221241496991, 0.9683443017945121
585, 0.967948717948718, 0.6405391783431417, 0.9683443017945121
590, 0.967948717948718, 0.6336250672690755, 0.9683443017945121
595, 0.967948717948718, 0.6268439534688475, 0.9683443017945121
600, 0.967948717948718, 0.6202313891713211, 0.9683443017945121
605, 0.967948717948718, 0.6136653365959192, 0.9683443017945121
610, 0.967948717948718, 0.6072148361017352, 0.9683443017945121
615, 0.967948717948718, 0.6008135119635047, 0.9683443017945121
620, 0.967948717948718, 0.594569249396602, 0.9683443017945121
625, 0.967948717948718, 0.5884291701593952, 0.9683443017945121
630, 0.967948717948718, 0.582406654160471, 0.9683443017945121
635, 0.967948717948718, 0.5764153090557519, 0.9683443017945121
640, 0.967948717948718, 0.5705215882838458, 0.9683443017945121
645, 0.967948717948718, 0.564776035482155, 0.9683443017945121
650, 0.967948717948718, 0.5591134648820388, 0.9683443017945121
655, 0.967948717948718, 0.5536697036824426, 0.9683443017945121
660, 0.967948717948718, 0.5480484718740309, 0.9683443017945121
665, 0.9743589743589743, 0.5426319905189273, 0.9748491139045861
670, 0.9743589743589743, 0.5373444075342163, 0.9748491139045861
675, 0.967948717948718, 0.5321518926709078, 0.9683443017945121
680, 0.967948717948718, 0.5270464699223832, 0.9683443017945121
685, 0.9743589743589743, 0.5219726214068064, 0.9748491139045861
690, 0.9743589743589743, 0.5169679987094645, 0.9748491139045861
695, 0.9743589743589743, 0.5121293892028254, 0.9748491139045861
0, 0.3782051282051282, 2.3018374501724006, 0.8496124031007751
5, 0.3782051282051282, 2.0943644871055156, 0.8496124031007751
10, 0.3782051282051282, 2.0003090190311363, 0.5171339563862928
15, 0.3717948717948718, 1.9554539188262936, 0.5201288244766505
20, 0.34615384615384615, 1.9312387278873928, 0.5198618307426598
25, 0.34615384615384615, 1.9147776193632045, 0.5218150087260035
30, 0.32051282051282054, 1.900589592496063, 0.5243445692883896
35, 0.32051282051282054, 1.8867875754911092, 0.5282412557162278
40, 0.32051282051282054, 1.8742996328346457, 0.5252981795354676
45, 0.3141025641025641, 1.8621929328044247, 0.5342914171656686
50, 0.3333333333333333, 1.8505033659974055, 0.2083753281645955
55, 0.3269230769230769, 1.8389055856276546, 0.20750622163665644
60, 0.33974358974358976, 1.8270131212652985, 0.2248168498168498
65, 0.3525641025641026, 1.8154421865876487, 0.2498168498168498
70, 0.3333333333333333, 1.8040923811565255, 0.26682778707318583
75, 0.3717948717948718, 1.7926838146138193, 0.25663082437275986
80, 0.391025641025641, 1.7813472926969722, 0.2995169082125604
85, 0.4230769230769231, 1.7697184894806572, 0.34499089253187615
90, 0.46794871794871795, 1.7582557628789544, 0.40777666999002987
95, 0.5064102564102564, 1.7469718116916135, 0.487229151855447
100, 0.5064102564102564, 1.735605328461031, 0.43363681166186807
105, 0.5192307692307693, 1.724120705727056, 0.4755167776839604
110, 0.5448717948717948, 1.7124437422814258, 0.48384910109048035
115, 0.5769230769230769, 1.7008114757907227, 0.5222869457354238
120, 0.6346153846153846, 1.689368380217121, 0.6260619439427386
125, 0.5961538461538461, 1.6777883119489319, 0.5426807074688925
130, 0.6410256410256411, 1.6660679785468129, 0.6214341961179675
135, 0.6217948717948718, 1.6543014399580704, 0.581412584026963
140, 0.6923076923076923, 1.6424333179392976, 0.6827150418667977
145, 0.717948717948718, 1.6308752259396746, 0.7180081856280341
150, 0.717948717948718, 1.6191152946046978, 0.7134516929037477
155, 0.75, 1.607221344020078, 0.7520876542922172
160, 0.7435897435897436, 1.5952888198697597, 0.7446103078188272
165, 0.7756410256410257, 1.583352348859783, 0.7835760730497573
170, 0.782051282051282, 1.5717052633986661, 0.787878787878788
175, 0.7692307692307693, 1.5599193010208778, 0.7738609553574164
180, 0.7884615384615384, 1.5479744235000605, 0.794946166915416
185, 0.8076923076923077, 1.5360634950302863, 0.8142693440072474
190, 0.8205128205128205, 1.5242607931902599, 0.8282846739780562
195, 0.8269230769230769, 1.5126054256091197, 0.8340592185592186
200, 0.8205128205128205, 1.5011054113736493, 0.827526080157659
205, 0.8461538461538461, 1.4892705843865115, 0.8533221484041156
210, 0.8589743589743589, 1.4776171819115005, 0.865918954532816
215, 0.8653846153846154, 1.4661028661118662, 0.870685438918258
220, 0.8653846153846154, 1.4548040803542515, 0.8721539898010486
225, 0.8717948717948718, 1.4434691334105885, 0.8783511480565949
230, 0.8717948717948718, 1.4319840330216798, 0.8767995256959603
235, 0.8653846153846154, 1.420828186008935, 0.870685438918258
240, 0.9038461538461539, 1.4097015775354238, 0.9068040541510545
245, 0.8782051282051282, 1.398786153140891, 0.882885648779034
250, 0.9038461538461539, 1.3879087677950348, 0.9079532264614035
255, 0.8974358974358975, 1.376905319932643, 0.9010071116611513
260, 0.8974358974358975, 1.3661582345474714, 0.9010071116611513
265, 0.9102564102564102, 1.3556689395397317, 0.9127737770141318
270, 0.8974358974358975, 1.3451047384813442, 0.9010071116611513
275, 0.9102564102564102, 1.3346982095525364, 0.9130044022517141
280, 0.9038461538461539, 1.3241858518112066, 0.907012115831293
285, 0.9102564102564102, 1.313904628371186, 0.9130044022517141
290, 0.9166666666666666, 1.303898336849109, 0.9189869646984509
295, 0.9166666666666666, 1.2938310859677287, 0.9199652384734156
300, 0.9102564102564102, 1.2838428039555183, 0.9130044022517141
305, 0.9102564102564102, 1.2738605497710975, 0.9130044022517141
310, 0.9102564102564102, 1.2640185303153233, 0.9130044022517141
315, 0.9102564102564102, 1.2544136261251277, 0.9130044022517141
320, 0.9166666666666666, 1.2447490003550152, 0.9199652384734156
325, 0.9166666666666666, 1.235142510581814, 0.9199652384734156
330, 0.9102564102564102, 1.2256411062746015, 0.9130044022517141
335, 0.9102564102564102, 1.2161337090857869, 0.9130044022517141
340, 0.9166666666666666, 1.2068639455983692, 0.9199652384734156
345, 0.9166666666666666, 1.19754025744027, 0.9199652384734156
350, 0.9166666666666666, 1.1882619631095666, 0.9199652384734156
355, 0.9166666666666666, 1.179032676484529, 0.9199652384734156
360, 0.9166666666666666, 1.1698407439758634, 0.9199652384734156
365, 0.9166666666666666, 1.1607956803046646, 0.9199652384734156
370, 0.9166666666666666, 1.1517038558529398, 0.9199652384734156
375, 0.9166666666666666, 1.1425875637142444, 0.9199652384734156
380, 0.9166666666666666, 1.1335844581918433, 0.9199652384734156
385, 0.9166666666666666, 1.1245672189065539, 0.9199652384734156
390, 0.9166666666666666, 1.1156458058349847, 0.9199652384734156
395, 0.9230769230769231, 1.1066557285129035, 0.9260869565217392
400, 0.9166666666666666, 1.0976519240695215, 0.9199652384734156
405, 0.9230769230769231, 1.08876461193834, 0.9260869565217392
410, 0.9166666666666666, 1.0798141247901591, 0.9199652384734156
415, 0.9230769230769231, 1.0709775831657506, 0.9260869565217392
420, 0.9230769230769231, 1.0619731437809685, 0.9260869565217392
425, 0.9230769230769231, 1.0530200081350625, 0.9260869565217392
430, 0.9230769230769231, 1.0441560124340368, 0.9260869565217392
435, 0.9230769230769231, 1.0352365008244884, 0.9260869565217392
440, 0.9230769230769231, 1.026329436548521, 0.9260869565217392
445, 0.9230769230769231, 1.017337043095966, 0.9260869565217392
450, 0.9230769230769231, 1.0083807280505317, 0.9260869565217392
455, 0.9230769230769231, 0.9994604816875053, 0.9260869565217392
460, 0.9294871794871795, 0.990699875258202, 0.932087452430492
465, 0.9358974358974359, 0.9816170198960322, 0.9383003604018096
470, 0.9294871794871795, 0.9726314433925237, 0.9321976543755562
475, 0.9358974358974359, 0.9636766283519222, 0.9383003604018096
480, 0.9358974358974359, 0.9547973740539407, 0.9383003604018096
485, 0.9358974358974359, 0.9459667846231185, 0.9382081686429512
490, 0.9358974358974359, 0.9369636923010788, 0.9383003604018096
495, 0.9358974358974359, 0.9280296634618486, 0.9383003604018096
500, 0.9358974358974359, 0.9191797242221509, 0.9383003604018096
505, 0.9358974358974359, 0.9103342530518265, 0.9383003604018096
510, 0.9423076923076923, 0.9015401093104467, 0.9443198683326326
515, 0.9358974358974359, 0.8927111612299851, 0.9383003604018096
520, 0.9358974358974359, 0.883909676732408, 0.9383003604018096
525, 0.9423076923076923, 0.8752328800673453, 0.9443980970394796
530, 0.9358974358974359, 0.8665473345373041, 0.9383003604018096
535, 0.9423076923076923, 0.8578820947941759, 0.9443980970394796
540, 0.9423076923076923, 0.8492901476358538, 0.9443980970394796
545, 0.9423076923076923, 0.8407408076055566, 0.9443980970394796
550, 0.9423076923076923, 0.832301677778523, 0.9443980970394796
555, 0.9487179487179487, 0.8239056145364464, 0.9504255808603634
560, 0.9423076923076923, 0.8155250968651735, 0.9443980970394796
565, 0.9423076923076923, 0.8072180984366683, 0.9443980970394796
570, 0.9423076923076923, 0.7989546259577315, 0.9443980970394796
575, 0.9487179487179487, 0.7908641364748121, 0.9504255808603634
580, 0.9487179487179487, 0.782780039378195, 0.9504255808603634
585, 0.9487179487179487, 0.7747679280009109, 0.9504255808603634
590, 0.9487179487179487, 0.7667528375522225, 0.9511383298889449
595, 0.9551282051282052, 0.7588809713074639, 0.9571695102668554
600, 0.9551282051282052, 0.7511472469056528, 0.9571695102668554
605, 0.9551282051282052, 0.7434215632266574, 0.9571695102668554
610, 0.9487179487179487, 0.7357940866641179, 0.9511383298889449
615, 0.9551282051282052, 0.7281775089469843, 0.9571695102668554
620, 0.9551282051282052, 0.7207141923645963, 0.9571695102668554
625, 0.9551282051282052, 0.7133437321584781, 0.9571695102668554
630, 0.9551282051282052, 0.7060589102875606, 0.9571695102668554
635, 0.9615384615384616, 0.6987823416457755, 0.9632168127003347
640, 0.9615384615384616, 0.6915802557990155, 0.9632168127003347
645, 0.9615384615384616, 0.6845246704769085, 0.9632168127003347
650, 0.9615384615384616, 0.6775624151206032, 0.9632168127003347
655, 0.9615384615384616, 0.6708345180245066, 0.9632168127003347
660, 0.9615384615384616, 0.6638272889116742, 0.9632168127003347
665, 0.9615384615384616, 0.6570559477055141, 0.9632168127003347
670, 0.9615384615384616, 0.6504177327955123, 0.9632168127003347
675, 0.9615384615384616, 0.6439094663179292, 0.9632168127003347
680, 0.9615384615384616, 0.637480553150534, 0.9632168127003347
685, 0.9615384615384616, 0.6309951073738975, 0.9632168127003347
690, 0.9615384615384616, 0.6246275246363903, 0.9632168127003347
695, 0.9615384615384616, 0.6184353214667926, 0.9632168127003347
0, 0.3333333333333333, 2.688925611346438, 0.8333333333333334
5, 0.3333333333333333, 2.0674209514657615, 0.8333333333333334
10, 0.3782051282051282, 1.9114027836831275, 0.5765113824815318
15, 0.48717948717948717, 1.8649946639993702, 0.7184206386660374
20, 0.5448717948717948, 1.8458204600450436, 0.7587497660490361
25, 0.4935897435897436, 1.8335736418315343, 0.708935196148078
30, 0.5, 1.8240639117576842, 0.7133689839572193
35, 0.4935897435897436, 1.8149687051974803, 0.7075848303393214
40, 0.5, 1.8060493065843417, 0.7120009620009621
45, 0.5384615384615384, 1.797198464278582, 0.42490199416157054
50, 0.5256410256410257, 1.7881703500282846, 0.41073458368854787
55, 0.5512820512820513, 1.779153927470064, 0.7570001573069057
60, 0.5641025641025641, 1.7698339157677498, 0.47392290249433106
65, 0.5961538461538461, 1.76049099414596, 0.5331519463875901
70, 0.6602564102564102, 1.751173707592048, 0.6082730884889158
75, 0.6282051282051282, 1.7413546826410373, 0.569079200913722
80, 0.6474358974358975, 1.7315533531633338, 0.5904528226157615
85, 0.7051282051282052, 1.721299978623412, 0.6864259202765913
90, 0.7435897435897436, 1.7110099501773521, 0.7376228269085412
95, 0.7628205128205128, 1.7005585227381714, 0.7458204473129846
100, 0.75, 1.689717816076706, 0.7446950710108605
105, 0.7756410256410257, 1.6786499731266502, 0.7691547980694624
110, 0.7884615384615384, 1.6671971347374244, 0.786431329288472
115, 0.8333333333333334, 1.655523239887424, 0.8347919062622956
120, 0.8397435897435898, 1.6436548511187574, 0.8408246497250896
125, 0.8397435897435898, 1.631467975041576, 0.8416210724920342
130, 0.8653846153846154, 1.6188934050333246, 0.8662801150665228
135, 0.8653846153846154, 1.6060268477802042, 0.8691197255136763
140, 0.8974358974358975, 1.592812616133655, 0.9007924203273041
145, 0.8910256410256411, 1.5794085426727555, 0.8939161070212759
150, 0.8910256410256411, 1.5657286915588042, 0.8943554114559209
155, 0.9038461538461539, 1.551570176548736, 0.9069251669352982
160, 0.9166666666666666, 1.5371476036180998, 0.9207205387205386
165, 0.9358974358974359, 1.5224121359539164, 0.9389580472029845
170, 0.9358974358974359, 1.5075468915893213, 0.9389580472029845
175, 0.9358974358974359, 1.4924017123891942, 0.9389580472029845
180, 0.9423076923076923, 1.4767787295769286, 0.9453175023685149
185, 0.9358974358974359, 1.4610193055218959, 0.9386710239651417
190, 0.9358974358974359, 1.445004918341783, 0.9383612447681111
195, 0.9423076923076923, 1.4288552835889798, 0.9449831214537098
200, 0.9358974358974359, 1.4126670617948718, 0.9388562482621888
205, 0.9294871794871795, 1.3959538866167778, 0.932238327961404
210, 0.9294871794871795, 1.3792379827510008, 0.932238327961404
215, 0.9358974358974359, 1.3623883862249215, 0.9383612447681111
220, 0.9294871794871795, 1.3455908745385603, 0.932238327961404
225, 0.9294871794871795, 1.3286509020879298, 0.932238327961404
230, 0.9294871794871795, 1.3114189398631577, 0.932238327961404
235, 0.9294871794871795, 1.2943760920609846, 0.932238327961404
240, 0.9423076923076923, 1.2772544381523607, 0.9444588758645321
245, 0.9294871794871795, 1.2602758912743346, 0.932238327961404
250, 0.9358974358974359, 1.2433023630698397, 0.9383612447681111
255, 0.9358974358974359, 1.2261580200533762, 0.9383612447681111
260, 0.9358974358974359, 1.209245893168626, 0.9383612447681111
265, 0.9487179487179487, 1.1925884985858803, 0.9505343482105101
270, 0.9358974358974359, 1.1758719207895194, 0.9383612447681111
275, 0.9423076923076923, 1.1593870850202666, 0.9444588758645321
280, 0.9423076923076923, 1.142819368144726, 0.9444588758645321
285, 0.9423076923076923, 1.1265918278628406, 0.9444588758645321
290, 0.9487179487179487, 1.110640316535591, 0.9505343482105101
295, 0.9423076923076923, 1.0948280986230365, 0.9444588758645321
300, 0.9423076923076923, 1.0791649873812792, 0.9444588758645321
305, 0.9423076923076923, 1.0636543534486582, 0.9444588758645321
310, 0.9423076923076923, 1.0483916433373026, 0.9444588758645321
315, 0.9487179487179487, 1.0334897249249906, 0.9505343482105101
320, 0.9423076923076923, 1.0188007388037204, 0.9444588758645321
325, 0.9423076923076923, 1.004234039896999, 0.9444588758645321
330, 0.9423076923076923, 0.9899984915979513, 0.9444588758645321
335, 0.9487179487179487, 0.9759192418586162, 0.9505343482105101
340, 0.9487179487179487, 0.9622326691657955, 0.9505343482105101
345, 0.9423076923076923, 0.9487860418107544, 0.9444588758645321
350, 0.9423076923076923, 0.9354707837770463, 0.9444588758645321
355, 0.9423076923076923, 0.9224789206254355, 0.9444588758645321
360, 0.9551282051282052, 0.9097143257090996, 0.9565907522429261
365, 0.9487179487179487, 0.8972727886238755, 0.9505343482105101
370, 0.9423076923076923, 0.8850785089651138, 0.9444588758645321
375, 0.9551282051282052, 0.8729701937194475, 0.9565907522429261
380, 0.9551282051282052, 0.8612529797381123, 0.9565907522429261
385, 0.9551282051282052, 0.8497225830020213, 0.9565907522429261
390, 0.9551282051282052, 0.8384769899938721, 0.9565907522429261
395, 0.9487179487179487, 0.8274709475461035, 0.9505343482105101
400, 0.9551282051282052, 0.8165609248798357, 0.9565907522429261
405, 0.9551282051282052, 0.8060129062247814, 0.9565907522429261
410, 0.9551282051282052, 0.7956294813498916, 0.9565907522429261
415, 0.9551282051282052, 0.7855368671006215, 0.9565907522429261
420, 0.9551282051282052, 0.7755642220136137, 0.9565907522429261
425, 0.9551282051282052, 0.7657686952152549, 0.9565907522429261
430, 0.9551282051282052, 0.7562876424777843, 0.9565907522429261
435, 0.9551282051282052, 0.7469763058795627, 0.9565907522429261
440, 0.9551282051282052, 0.7378426781742157, 0.9565907522429261
445, 0.9551282051282052, 0.7288826346976781, 0.9565907522429261
450, 0.9615384615384616, 0.7200933639957753, 0.9626917310575481
455, 0.9615384615384616, 0.7115225893300159, 0.9626917310575481
460, 0.9551282051282052, 0.7033012909347303, 0.9565283316492444
465, 0.9615384615384616, 0.6949255990432062, 0.9626917310575481
470, 0.967948717948718, 0.686862959288303, 0.9687370600414078
475, 0.9743589743589743, 0.6789348069475205, 0.9748491139045861
480, 0.967948717948718, 0.6712296502796278, 0.9687370600414078
485, 0.967948717948718, 0.663724346709008, 0.9687370600414078
490, 0.9743589743589743, 0.6562547820991533, 0.9748491139045861
495, 0.9743589743589743, 0.6489405791218698, 0.9748491139045861
500, 0.9743589743589743, 0.6418196411106657, 0.9748491139045861
505, 0.9743589743589743, 0.6348221466847408, 0.9748491139045861
510, 0.9743589743589743, 0.6279966361848616, 0.9748491139045861
515, 0.9743589743589743, 0.6212949578817218, 0.9748491139045861
520, 0.9743589743589743, 0.6146486895158375, 0.9748491139045861
525, 0.9743589743589743, 0.6082236252983425, 0.9748491139045861
530, 0.9743589743589743, 0.6018778165985621, 0.9748491139045861
535, 0.9743589743589743, 0.5956538924944486, 0.9748491139045861
540, 0.9743589743589743, 0.589580540835915, 0.9748491139045861
545, 0.9743589743589743, 0.5835573716627257, 0.9748491139045861
550, 0.9743589743589743, 0.5776962352288527, 0.9748491139045861
555, 0.9743589743589743, 0.5719769886120347, 0.9748491139045861
560, 0.9743589743589743, 0.5663015319853458, 0.9748491139045861
565, 0.9743589743589743, 0.5607798537307456, 0.9748491139045861
570, 0.9743589743589743, 0.5552736490448889, 0.9748491139045861
575, 0.9743589743589743, 0.5499500942755889, 0.9748491139045861
580, 0.9743589743589743, 0.544733521598381, 0.9748491139045861
585, 0.9743589743589743, 0.5395627360284866, 0.9748491139045861
590, 0.9743589743589743, 0.5344957126506548, 0.9748491139045861
595, 0.9743589743589743, 0.529482517637997, 0.9748491139045861
600, 0.9743589743589743, 0.5246143765569157, 0.9748491139045861
605, 0.9743589743589743, 0.5198361166839675, 0.9748491139045861
610, 0.9743589743589743, 0.5151047353771435, 0.9748491139045861
615, 0.9743589743589743, 0.5104443568525926, 0.9748491139045861
620, 0.9743589743589743, 0.5058753092647337, 0.9748491139045861
625, 0.9743589743589743, 0.5014038383701628, 0.9748491139045861
630, 0.9743589743589743, 0.4970516044627465, 0.9748491139045861
635, 0.9743589743589743, 0.492674657955404, 0.9748491139045861
640, 0.9743589743589743, 0.48840149683406126, 0.9748491139045861
645, 0.9743589743589743, 0.4842099673924459, 0.9748491139045861
650, 0.9743589743589743, 0.48009471152802174, 0.9748491139045861
655, 0.9743589743589743, 0.4762069372894935, 0.9748491139045861
660, 0.9743589743589743, 0.47206146241990016, 0.9748491139045861
665, 0.9743589743589743, 0.4681344606175321, 0.9748491139045861
670, 0.9743589743589743, 0.4642653698863305, 0.9748491139045861
675, 0.9743589743589743, 0.4604875107965661, 0.9748491139045861
680, 0.9743589743589743, 0.4568023571692025, 0.9748491139045861
685, 0.9743589743589743, 0.45307496754759896, 0.9748491139045861
690, 0.9743589743589743, 0.4494211127719004, 0.9748491139045861
695, 0.9743589743589743, 0.4458727213809526, 0.9748491139045861
0, 0.34615384615384615, 3.2562719842612884, 0.523476046474614
5, 0.36538461538461536, 2.340555642604905, 0.5857723007982075
10, 0.3269230769230769, 2.023883602473203, 0.5958032335741313
15, 0.33974358974358976, 1.9119589395262762, 0.5975760296263045
20, 0.358974358974359, 1.8670723868729624, 0.6029776674937964
25, 0.32051282051282054, 1.8433810163372242, 0.5571608760463249
30, 0.32051282051282054, 1.8273149643840487, 0.5571608760463249
35, 0.3333333333333333, 1.813197702134119, 0.23817822702451494
40, 0.36538461538461536, 1.8004141467965193, 0.281414915327056
45, 0.41025641025641024, 1.7880765283457043, 0.36287609898401296
50, 0.4358974358974359, 1.7758314743197554, 0.39179261284524447
55, 0.4551282051282051, 1.7636411565381855, 0.41512616820090803
60, 0.5384615384615384, 1.7510861141625282, 0.5059307673686758
65, 0.6153846153846154, 1.7385477036016015, 0.583207645156033
70, 0.6474358974358975, 1.7260936453044287, 0.6364699826868186
75, 0.6666666666666666, 1.7132838794188854, 0.6365155056880162
80, 0.6923076923076923, 1.7004795802615518, 0.6729022438257966
85, 0.7115384615384616, 1.6872046246354604, 0.6936445519930095
90, 0.717948717948718, 1.6738869553545273, 0.7037904118208286
95, 0.7371794871794872, 1.6605472041217648, 0.7288954550645196
100, 0.7243589743589743, 1.6469307089994845, 0.7127955082742318
105, 0.7307692307692307, 1.6331293015081652, 0.7189687834609999
110, 0.7243589743589743, 1.6189709835992316, 0.7127955082742318
115, 0.7435897435897436, 1.6046319903301982, 0.7367382014121144
120, 0.782051282051282, 1.5903141400056804, 0.7803853276420688
125, 0.7756410256410257, 1.5757707778704098, 0.7731184329387154
130, 0.7884615384615384, 1.560977465815997, 0.7875522138680034
135, 0.7948717948717948, 1.545957770338959, 0.794126380207547
140, 0.8141025641025641, 1.5307352927190616, 0.8151560325978929
145, 0.8397435897435898, 1.5155951713831668, 0.8417775478020895
150, 0.8269230769230769, 1.5002841999696477, 0.8283121597096189
155, 0.8461538461538461, 1.4847027536230617, 0.8484044757563199
160, 0.8525641025641025, 1.469002799740042, 0.8551288006134065
165, 0.8717948717948718, 1.453173583531438, 0.8746785881252922
170, 0.8782051282051282, 1.4375124236157004, 0.8810648360030511
175, 0.8782051282051282, 1.4217117988792514, 0.8810648360030511
180, 0.8782051282051282, 1.4056817747444041, 0.8810648360030511
185, 0.8782051282051282, 1.3896855161071693, 0.8810648360030511
190, 0.8782051282051282, 1.3736545679827317, 0.8810648360030511
195, 0.8782051282051282, 1.3577682942720244, 0.8810648360030511
200, 0.8782051282051282, 1.3419680789879325, 0.8810648360030511
205, 0.8782051282051282, 1.325917166618871, 0.8810648360030511
210, 0.9038461538461539, 1.310016856217139, 0.9064116040790683
215, 0.9038461538461539, 1.2941623799413553, 0.9064116040790683
220, 0.9038461538461539, 1.2785791753841085, 0.9064116040790683
225, 0.9102564102564102, 1.2629575741094996, 0.912639416410442
230, 0.9102564102564102, 1.247270340490808, 0.912639416410442
235, 0.9102564102564102, 1.2318638625515457, 0.912639416410442
240, 0.9423076923076923, 1.216475194822584, 0.9432972884043016
245, 0.9358974358974359, 1.20141414305654, 0.9372188580019527
250, 0.9423076923076923, 1.1863820906888143, 0.9432972884043016
255, 0.9423076923076923, 1.1713607474693706, 0.9432972884043016
260, 0.9487179487179487, 1.1565633293446136, 0.9493555896213026
265, 0.9487179487179487, 1.1420173668996496, 0.9493555896213026
270, 0.9487179487179487, 1.1275795053534508, 0.9493555896213026
275, 0.9487179487179487, 1.1133055922414445, 0.9493555896213026
280, 0.9487179487179487, 1.0990606743117994, 0.9493555896213026
285, 0.9487179487179487, 1.0850799113277156, 0.9493555896213026
290, 0.9551282051282052, 1.071332247397789, 0.9553969163889984
295, 0.9551282051282052, 1.0577488220023075, 0.9556303375659952
300, 0.9551282051282052, 1.044279284136774, 0.9553969163889984
305, 0.9615384615384616, 1.030960578256643, 0.9616760347470619
310, 0.9615384615384616, 1.0178217407570822, 0.9616760347470619
315, 0.9551282051282052, 1.0049233324445013, 0.9553969163889984
320, 0.9615384615384616, 0.9922044068423611, 0.9616760347470619
325, 0.9615384615384616, 0.9795745747147194, 0.9616760347470619
330, 0.9615384615384616, 0.967199724246565, 0.9616760347470619
335, 0.9615384615384616, 0.954911967130866, 0.9616760347470619
340, 0.9615384615384616, 0.9428560663339886, 0.9616760347470619
345, 0.9615384615384616, 0.9310135225705289, 0.9616760347470619
350, 0.9615384615384616, 0.9192554187688882, 0.9616760347470619
355, 0.9615384615384616, 0.9077528554332978, 0.9616760347470619
360, 0.9615384615384616, 0.896360633056534, 0.9616760347470619
365, 0.9615384615384616, 0.8851757907832979, 0.9616760347470619
370, 0.9615384615384616, 0.8741636255814418, 0.9616760347470619
375, 0.9615384615384616, 0.8632271720220243, 0.9616760347470619
380, 0.9615384615384616, 0.8525920675002444, 0.9616760347470619
385, 0.9615384615384616, 0.8420417481385067, 0.9616760347470619
390, 0.9615384615384616, 0.8317006759463867, 0.9616760347470619
395, 0.9615384615384616, 0.8214648778129501, 0.9616760347470619
400, 0.9615384615384616, 0.811365975081563, 0.9616760347470619
405, 0.9615384615384616, 0.8015413450061774, 0.9616760347470619
410, 0.9615384615384616, 0.7917940552973184, 0.9616760347470619
415, 0.9615384615384616, 0.7822694304462922, 0.9616760347470619
420, 0.9615384615384616, 0.772789562681412, 0.9616760347470619
425, 0.9615384615384616, 0.763496668282837, 0.9616760347470619
430, 0.9615384615384616, 0.7544218054313748, 0.9616760347470619
435, 0.9615384615384616, 0.745464642235666, 0.9616760347470619
440, 0.967948717948718, 0.7366492696787507, 0.9680866032589984
445, 0.967948717948718, 0.7279265413705618, 0.9680866032589984
450, 0.967948717948718, 0.7193968502049637, 0.9680866032589984
455, 0.967948717948718, 0.7110305230721515, 0.9680866032589984
460, 0.967948717948718, 0.7029177551283136, 0.9680866032589984
465, 0.967948717948718, 0.6946891956643333, 0.9680866032589984
470, 0.967948717948718, 0.6866784431775914, 0.9680866032589984
475, 0.967948717948718, 0.6788486913920811, 0.9680866032589984
480, 0.967948717948718, 0.6711829914913625, 0.9680866032589984
485, 0.967948717948718, 0.6636555136096364, 0.9680866032589984
490, 0.967948717948718, 0.656172669176883, 0.9680866032589984
495, 0.967948717948718, 0.6488027215024053, 0.9680866032589984
500, 0.967948717948718, 0.6416509327397002, 0.9680866032589984
505, 0.967948717948718, 0.634583361972802, 0.9680866032589984
510, 0.967948717948718, 0.6276465801674507, 0.9680866032589984
515, 0.967948717948718, 0.6208214792002098, 0.9680866032589984
520, 0.967948717948718, 0.6140479477594292, 0.9680866032589984
525, 0.967948717948718, 0.6075027979121321, 0.9680866032589984
530, 0.967948717948718, 0.6010082204314998, 0.9680866032589984
535, 0.967948717948718, 0.594604073760989, 0.9680866032589984
540, 0.967948717948718, 0.588346266508868, 0.9680866032589984
545, 0.967948717948718, 0.5821553474292608, 0.9680866032589984
550, 0.967948717948718, 0.5761278210950647, 0.9680866032589984
555, 0.967948717948718, 0.5702098932055828, 0.9680866032589984
560, 0.967948717948718, 0.5643338042146774, 0.9680866032589984
565, 0.967948717948718, 0.5585875159843297, 0.9680866032589984
570, 0.967948717948718, 0.552894559195941, 0.9680866032589984
575, 0.967948717948718, 0.5473707991119634, 0.9680866032589984
580, 0.967948717948718, 0.5419393784287083, 0.9680866032589984
585, 0.967948717948718, 0.5365605200116906, 0.9680866032589984
590, 0.967948717948718, 0.5312494673790875, 0.9680866032589984
595, 0.967948717948718, 0.5260322798514963, 0.9680866032589984
600, 0.967948717948718, 0.5209558963610171, 0.9680866032589984
605, 0.967948717948718, 0.5159634097735464, 0.9680866032589984
610, 0.967948717948718, 0.5110155726742686, 0.9680866032589984
615, 0.967948717948718, 0.5061236316746655, 0.9680866032589984
620, 0.967948717948718, 0.5013502874285151, 0.9680866032589984
625, 0.967948717948718, 0.49666542757421, 0.9680866032589984
630, 0.967948717948718, 0.49209563972849185, 0.9680866032589984
635, 0.967948717948718, 0.48751426459300007, 0.9680866032589984
640, 0.967948717948718, 0.4830103363818924, 0.9680866032589984
645, 0.967948717948718, 0.4786214486394074, 0.9680866032589984
650, 0.967948717948718, 0.47431278430670815, 0.9680866032589984
655, 0.967948717948718, 0.47018761644877305, 0.9680866032589984
660, 0.967948717948718, 0.46587107890997187, 0.9680866032589984
665, 0.967948717948718, 0.46172260655019753, 0.9680866032589984
670, 0.967948717948718, 0.45768097547127184, 0.9680866032589984
675, 0.967948717948718, 0.45371362341652427, 0.9680866032589984
680, 0.967948717948718, 0.4498272268834648, 0.9680866032589984
685, 0.967948717948718, 0.44592310582162853, 0.9680866032589984
690, 0.967948717948718, 0.4420744186783115, 0.9680866032589984
695, 0.967948717948718, 0.4383671405596812, 0.9680866032589984
0, 0.3782051282051282, 2.1607515341486265, 0.8496124031007751
5, 0.3782051282051282, 1.9671538232492871, 0.8496124031007751
10, 0.3782051282051282, 1.9037822184732174, 0.8496124031007751
15, 0.3782051282051282, 1.8794815422069269, 0.5188679245283019
20, 0.391025641025641, 1.8659930957802777, 0.21747135842880524
25, 0.391025641025641, 1.856192894633461, 0.21747135842880524
30, 0.3782051282051282, 1.846770368443673, 0.21556091255284213
35, 0.44871794871794873, 1.8375882689440004, 0.3463164790661664
40, 0.46153846153846156, 1.8286128368056696, 0.3554710019601061
45, 0.5064102564102564, 1.8195111820778909, 0.44341804307343535
50, 0.5, 1.8104827322622583, 0.4053465434908734
55, 0.4935897435897436, 1.801301339597635, 0.40272637552430296
60, 0.5448717948717948, 1.791844798825471, 0.46613037759455905
65, 0.5705128205128205, 1.7823588916606543, 0.4916305916305916
70, 0.5961538461538461, 1.7727857139636205, 0.5539122372538873
75, 0.5833333333333334, 1.763002669208971, 0.5100372005399939
80, 0.6025641025641025, 1.753065018062062, 0.5468846287811805
85, 0.6153846153846154, 1.7427154555332827, 0.5590783734621628
90, 0.6282051282051282, 1.7323032215132343, 0.5785714285714285
95, 0.7051282051282052, 1.7217441694725766, 0.6961890110963439
100, 0.6410256410256411, 1.711017974521501, 0.6005558331636839
105, 0.6987179487179487, 1.6999262587636048, 0.68682085435472
110, 0.6987179487179487, 1.6885389243195965, 0.6758840288252053
115, 0.7371794871794872, 1.6769678965680497, 0.7282352996638711
120, 0.7628205128205128, 1.665313381139941, 0.7618885251863977
125, 0.7564102564102564, 1.6534154982580902, 0.7521968771968771
130, 0.7756410256410257, 1.641173988780505, 0.7749499909074378
135, 0.7756410256410257, 1.6287609051365113, 0.7731556835820353
140, 0.8141025641025641, 1.6160817293116545, 0.8152358195368947
145, 0.8269230769230769, 1.6034395195829125, 0.8309068940956231
150, 0.8397435897435898, 1.5905035581147564, 0.8427080457368564
155, 0.8589743589743589, 1.577292654440063, 0.862516124108866
160, 0.8653846153846154, 1.5639404449916117, 0.8689897283176209
165, 0.8846153846153846, 1.5504129271985685, 0.8882249856588421
170, 0.8846153846153846, 1.5370084419842416, 0.8882249856588421
175, 0.8910256410256411, 1.52334403729458, 0.8943417256753213
180, 0.9038461538461539, 1.509453942666954, 0.9067287129905726
185, 0.9230769230769231, 1.4955200861937743, 0.9249423727430575
190, 0.9294871794871795, 1.4815479767250719, 0.9304020108011825
195, 0.9358974358974359, 1.4676495873584539, 0.9369660710917077
200, 0.9358974358974359, 1.453766949153733, 0.9369660710917077
205, 0.9423076923076923, 1.4395772923788923, 0.9429515641280221
210, 0.9294871794871795, 1.4255002422193963, 0.9298269471059939
215, 0.9294871794871795, 1.4114721729835706, 0.9299511989482409
220, 0.9487179487179487, 1.3976139101735283, 0.9491632306572884
225, 0.9358974358974359, 1.3836577976004862, 0.9367406242971512
230, 0.9358974358974359, 1.3696093545058858, 0.9365767860603079
235, 0.9358974358974359, 1.355827325158458, 0.9365767860603079
240, 0.9230769230769231, 1.3420083949082169, 0.9236111111111112
245, 0.9423076923076923, 1.32843686835338, 0.942850496971649
250, 0.9358974358974359, 1.3148327576700491, 0.9365767860603079
255, 0.9423076923076923, 1.3012004908917592, 0.942850496971649
260, 0.9423076923076923, 1.2878236859630625, 0.942850496971649
265, 0.9230769230769231, 1.2745711410781022, 0.9236111111111112
270, 0.9423076923076923, 1.261401782624006, 0.942850496971649
275, 0.9423076923076923, 1.2483076093720842, 0.942850496971649
280, 0.9423076923076923, 1.2352051059804485, 0.942850496971649
285, 0.9423076923076923, 1.2223844985323409, 0.942850496971649
290, 0.9358974358974359, 1.2096835581051715, 0.9365767860603079
295, 0.9423076923076923, 1.1970834116975901, 0.942850496971649
300, 0.9423076923076923, 1.1845210881780823, 0.942850496971649
305, 0.9423076923076923, 1.1720854764399629, 0.942850496971649
310, 0.9423076923076923, 1.1597706520247228, 0.942850496971649
315, 0.9423076923076923, 1.147643461753032, 0.942850496971649
320, 0.9423076923076923, 1.1355800854249425, 0.942850496971649
325, 0.9423076923076923, 1.1235622341047764, 0.942850496971649
330, 0.9423076923076923, 1.111730826832619, 0.942850496971649
335, 0.9423076923076923, 1.0999568467613001, 0.942850496971649
340, 0.9423076923076923, 1.0883409563588533, 0.942850496971649
345, 0.9423076923076923, 1.0768066872835702, 0.942850496971649
350, 0.9423076923076923, 1.0653203025536875, 0.942850496971649
355, 0.9423076923076923, 1.0540111259393092, 0.942850496971649
360, 0.9423076923076923, 1.0427776999666982, 0.942850496971649
365, 0.9487179487179487, 1.031655788487029, 0.9494274626751543
370, 0.9487179487179487, 1.0206019096128631, 0.9494274626751543
375, 0.9487179487179487, 1.0095804772411354, 0.9494274626751543
380, 0.9487179487179487, 0.9988034322474305, 0.9494274626751543
385, 0.9487179487179487, 0.9880325255729878, 0.9494274626751543
390, 0.9487179487179487, 0.9773941880081267, 0.9494274626751543
395, 0.9487179487179487, 0.9667677542829395, 0.9494274626751543
400, 0.9487179487179487, 0.956247002627121, 0.9494274626751543
405, 0.9487179487179487, 0.9459392341709701, 0.9494274626751543
410, 0.9487179487179487, 0.9356287850834067, 0.9494274626751543
415, 0.9487179487179487, 0.9254702770007208, 0.9494274626751543
420, 0.9487179487179487, 0.9152960192389943, 0.9494274626751543
425, 0.9487179487179487, 0.9052680067652272, 0.9494274626751543
430, 0.9487179487179487, 0.8954179314195678, 0.9494274626751543
435, 0.9487179487179487, 0.8856073106381316, 0.9494274626751543
440, 0.9487179487179487, 0.8758701827152046, 0.9494274626751543
445, 0.9487179487179487, 0.8661713389373795, 0.9494274626751543
450, 0.9487179487179487, 0.8566337850765863, 0.9494274626751543
455, 0.9487179487179487, 0.8472410582190824, 0.9494274626751543
460, 0.9487179487179487, 0.8380476320629927, 0.9494274626751543
465, 0.9615384615384616, 0.8286718595976581, 0.9621796426550246
470, 0.9615384615384616, 0.8194823777991915, 0.9621796426550246
475, 0.9615384615384616, 0.810437705413611, 0.9621796426550246
480, 0.9551282051282052, 0.8015767037719044, 0.9560197279241334
485, 0.9551282051282052, 0.792784186072903, 0.9560197279241334
490, 0.9615384615384616, 0.7839756845839839, 0.9621796426550246
495, 0.9615384615384616, 0.7752946222625728, 0.9621796426550246
500, 0.9615384615384616, 0.7668057402433192, 0.9621796426550246
505, 0.9615384615384616, 0.7583873859060628, 0.9621796426550246
510, 0.9615384615384616, 0.750062966820398, 0.9621796426550246
515, 0.9615384615384616, 0.7418384068624089, 0.9621796426550246
520, 0.9615384615384616, 0.7336698645950782, 0.9621796426550246
525, 0.9615384615384616, 0.7257057164296462, 0.9621796426550246
530, 0.967948717948718, 0.7178016012996817, 0.9682087411149832
535, 0.967948717948718, 0.7099465874192789, 0.9682087411149832
540, 0.9615384615384616, 0.7022580118425322, 0.9621796426550246
545, 0.9615384615384616, 0.6946268720303155, 0.9621796426550246
550, 0.967948717948718, 0.6871726072115156, 0.9682087411149832
555, 0.967948717948718, 0.6798168021360573, 0.9682087411149832
560, 0.967948717948718, 0.672484530468416, 0.9682087411149832
565, 0.967948717948718, 0.665306314124208, 0.9682087411149832
570, 0.967948717948718, 0.6581740273525821, 0.9682087411149832
575, 0.967948717948718, 0.6512613287357587, 0.9682087411149832
580, 0.967948717948718, 0.6443951252472008, 0.9682087411149832
585, 0.967948717948718, 0.6375944090414144, 0.9682087411149832
590, 0.967948717948718, 0.6308754187582832, 0.9682087411149832
595, 0.967948717948718, 0.6242766855742576, 0.9682087411149832
600, 0.967948717948718, 0.6178474227246192, 0.9682087411149832
605, 0.967948717948718, 0.6114623983132785, 0.9682087411149832
610, 0.967948717948718, 0.6051550506304698, 0.9682087411149832
615, 0.967948717948718, 0.5989271417777337, 0.9682087411149832
620, 0.967948717948718, 0.5928263185037627, 0.9682087411149832
625, 0.967948717948718, 0.58683884932713, 0.9682087411149832
630, 0.967948717948718, 0.580970843379531, 0.9682087411149832
635, 0.967948717948718, 0.5750883094239203, 0.9682087411149832
640, 0.967948717948718, 0.5693254358593504, 0.9682087411149832
645, 0.967948717948718, 0.5636881161816615, 0.9682087411149832
650, 0.967948717948718, 0.5581413174355366, 0.9682087411149832
655, 0.967948717948718, 0.55281726739139, 0.9682087411149832
660, 0.967948717948718, 0.5472754891084582, 0.9682087411149832
665, 0.967948717948718, 0.5419588385960232, 0.9682087411149832
670, 0.967948717948718, 0.536745842495121, 0.9682087411149832
675, 0.967948717948718, 0.531644625634776, 0.9682087411149832
680, 0.967948717948718, 0.5266289983237703, 0.9682087411149832
685, 0.967948717948718, 0.5215907107985945, 0.9682087411149832
690, 0.967948717948718, 0.5166620965567383, 0.9682087411149832
695, 0.967948717948718, 0.5118709219667328, 0.9682087411149832
0, 0.3782051282051282, 2.7216533560105103, 0.8496124031007751
5, 0.3782051282051282, 2.1160235310894357, 0.8496124031007751
10, 0.38461538461538464, 1.9247692989276344, 0.5493734335839598
15, 0.41025641025641024, 1.8619347307294236, 0.281010101010101
20, 0.47435897435897434, 1.8331973132797752, 0.36976144422952933
25, 0.46794871794871795, 1.8128213379596583, 0.35737056428155906
30, 0.5, 1.7945260965567407, 0.3935483870967742
35, 0.5384615384615384, 1.7764299669341785, 0.44999999999999996
40, 0.5576923076923077, 1.7589863044996445, 0.4767642965739705
45, 0.6410256410256411, 1.7415794353864031, 0.5933931854723933
50, 0.6217948717948718, 1.724485258045156, 0.5694433073242943
55, 0.6987179487179487, 1.7073497776161737, 0.6691289095675935
60, 0.7884615384615384, 1.6898384726621312, 0.788147431764453
65, 0.8012820512820513, 1.672560332037242, 0.8045742092457422
70, 0.8076923076923077, 1.6553504148213851, 0.8136967435248122
75, 0.8333333333333334, 1.638289384462935, 0.8375816993464053
80, 0.8333333333333334, 1.6212274397870239, 0.8375646485402582
85, 0.8525641025641025, 1.6038251504980165, 0.858117935435394
90, 0.8589743589743589, 1.5867051283518494, 0.8644499178981938
95, 0.8653846153846154, 1.569779857675175, 0.870280779572815
100, 0.8653846153846154, 1.5530707479459092, 0.870830150241915
105, 0.8782051282051282, 1.5362716898370736, 0.8829910679283746
110, 0.8974358974358975, 1.519429478481066, 0.9017289209123936
115, 0.8974358974358975, 1.5028289589707349, 0.9017289209123936
120, 0.8910256410256411, 1.4866309542219427, 0.8955356955356956
125, 0.8974358974358975, 1.470558339431839, 0.9017289209123936
130, 0.8974358974358975, 1.454558191997719, 0.9010071116611513
135, 0.8910256410256411, 1.4387657123539934, 0.8934313357297423
140, 0.8846153846153846, 1.423152635512883, 0.8871452331133645
145, 0.8846153846153846, 1.4081113591947987, 0.8871452331133645
150, 0.8910256410256411, 1.3931603455718597, 0.8940724835708244
155, 0.8846153846153846, 1.3783581176953261, 0.8871452331133645
160, 0.8846153846153846, 1.3638188863039882, 0.8871452331133645
165, 0.8846153846153846, 1.3495638265812986, 0.8868133277269324
170, 0.8910256410256411, 1.3358454005359701, 0.8931330024296086
175, 0.8846153846153846, 1.3222505966880012, 0.8871452331133645
180, 0.8910256410256411, 1.3087920468733691, 0.8931330024296086
185, 0.8846153846153846, 1.2956664459770306, 0.8868133277269324
190, 0.8846153846153846, 1.28283300267831, 0.8868133277269324
195, 0.8846153846153846, 1.2703896160016426, 0.8868133277269324
200, 0.8974358974358975, 1.2582087966719124, 0.8994342805706076
205, 0.8846153846153846, 1.2460424754996002, 0.8868133277269324
210, 0.8782051282051282, 1.2342474756240291, 0.8798101673101674
215, 0.8782051282051282, 1.2226696911974562, 0.8798101673101674
220, 0.8910256410256411, 1.2114545024208276, 0.8925680213781474
225, 0.8846153846153846, 1.200316135864678, 0.8861992567181246
230, 0.8846153846153846, 1.1892798409150716, 0.8861992567181246
235, 0.8910256410256411, 1.178602380537186, 0.8925680213781474
240, 0.8846153846153846, 1.1680132090007882, 0.8857600732600733
245, 0.8974358974358975, 1.1577106595759368, 0.8989197530864197
250, 0.8910256410256411, 1.1474724860971566, 0.8921653796653798
255, 0.9038461538461539, 1.1372921129868967, 0.9049147589242333
260, 0.9038461538461539, 1.127364187588365, 0.9049147589242333
265, 0.8910256410256411, 1.1176332144514307, 0.8921653796653798
270, 0.9038461538461539, 1.1079024387738559, 0.9049147589242333
275, 0.9038461538461539, 1.0982952627375633, 0.9049147589242333
280, 0.9038461538461539, 1.0887184762408073, 0.9049147589242333
285, 0.9038461538461539, 1.0793554540503993, 0.9049147589242333
290, 0.8974358974358975, 1.070107986541396, 0.8985491709548313
295, 0.9230769230769231, 1.0608456904351546, 0.9247606084485517
300, 0.9166666666666666, 1.051663439558738, 0.9185373153751057
305, 0.9230769230769231, 1.0425420776244767, 0.9247606084485517
310, 0.9230769230769231, 1.0335010850229527, 0.9247606084485517
315, 0.9230769230769231, 1.0245832399816814, 0.9247606084485517
320, 0.9230769230769231, 1.0156573378536415, 0.9247606084485517
325, 0.9230769230769231, 1.0067551274267394, 0.9247606084485517
330, 0.9230769230769231, 0.9979572263548329, 0.9247606084485517
335, 0.9230769230769231, 0.9891831605771486, 0.9247606084485517
340, 0.9230769230769231, 0.9804675489129598, 0.9247606084485517
345, 0.9230769230769231, 0.9718173221423442, 0.9247606084485517
350, 0.9230769230769231, 0.9631541214784076, 0.9247606084485517
355, 0.9230769230769231, 0.9546014281250487, 0.9247606084485517
360, 0.9230769230769231, 0.9460807303863081, 0.9247606084485517
365, 0.9230769230769231, 0.9376136148193862, 0.9247606084485517
370, 0.9166666666666666, 0.9291785445213168, 0.9187391806202703
375, 0.9230769230769231, 0.9207307749779235, 0.9247606084485517
380, 0.9230769230769231, 0.9124621487063129, 0.9247606084485517
385, 0.9230769230769231, 0.9041716150829621, 0.9247606084485517
390, 0.9230769230769231, 0.8959821220473595, 0.9247606084485517
395, 0.9166666666666666, 0.8877428842478974, 0.9187391806202703
400, 0.9166666666666666, 0.8795912701112454, 0.9187391806202703
405, 0.9230769230769231, 0.8716011055186014, 0.9247606084485517
410, 0.9230769230769231, 0.8635759859754594, 0.9247606084485517
415, 0.9166666666666666, 0.8556839027610544, 0.9187391806202703
420, 0.9166666666666666, 0.847733058395699, 0.9187391806202703
425, 0.9166666666666666, 0.8399050149738889, 0.9187391806202703
430, 0.9166666666666666, 0.8321826547141166, 0.9187391806202703
435, 0.9294871794871795, 0.8245080914822569, 0.9307697312772465
440, 0.9166666666666666, 0.8168782096072744, 0.9187391806202703
445, 0.9230769230769231, 0.8092587242770197, 0.9247606084485517
450, 0.9230769230769231, 0.8017536630866946, 0.9247606084485517
455, 0.9294871794871795, 0.7943449121248006, 0.930975716221292
460, 0.9294871794871795, 0.7871370914160057, 0.9307697312772465
465, 0.9294871794871795, 0.7797000358853651, 0.930975716221292
470, 0.9294871794871795, 0.7724314496271797, 0.930975716221292
475, 0.9294871794871795, 0.7652651998918576, 0.930975716221292
480, 0.9358974358974359, 0.7582246951621103, 0.9369940540153306
485, 0.9358974358974359, 0.7512626007137605, 0.9369940540153306
490, 0.9294871794871795, 0.7442341250032334, 0.930975716221292
495, 0.9294871794871795, 0.7373038767309823, 0.930975716221292
500, 0.9294871794871795, 0.7305095444568622, 0.930975716221292
505, 0.9358974358974359, 0.7237608863102751, 0.9369940540153306
510, 0.9358974358974359, 0.7170964085785784, 0.9369940540153306
515, 0.9294871794871795, 0.710482199033483, 0.930975716221292
520, 0.9294871794871795, 0.7038906135953139, 0.930975716221292
525, 0.9294871794871795, 0.6974447394819955, 0.930975716221292
530, 0.9358974358974359, 0.6910498066460604, 0.9369940540153306
535, 0.9423076923076923, 0.6846702218983246, 0.9432122518223135
540, 0.9358974358974359, 0.6784222889213647, 0.9371857735466729
545, 0.9423076923076923, 0.6721931202547612, 0.9432122518223135
550, 0.9423076923076923, 0.666081965358223, 0.9432122518223135
555, 0.9423076923076923, 0.6600631600714523, 0.9432122518223135
560, 0.9423076923076923, 0.6540313331576983, 0.9432122518223135
565, 0.9358974358974359, 0.6481174612590381, 0.9371857735466729
570, 0.9423076923076923, 0.6422231305408359, 0.9432122518223135
575, 0.9423076923076923, 0.6364798205487752, 0.9432122518223135
580, 0.9423076923076923, 0.6307845393019507, 0.9432122518223135
585, 0.9423076923076923, 0.6251152540108738, 0.9432122518223135
590, 0.9423076923076923, 0.6194966062084293, 0.9432122518223135
595, 0.9423076923076923, 0.6139659448686733, 0.9432122518223135
600, 0.9423076923076923, 0.6085494830633744, 0.9432122518223135
605, 0.9423076923076923, 0.6031756286094028, 0.9432122518223135
610, 0.9423076923076923, 0.5978415898805267, 0.9432122518223135
615, 0.9423076923076923, 0.5925579240419577, 0.9432122518223135
620, 0.9423076923076923, 0.5873813040413998, 0.9432122518223135
625, 0.9487179487179487, 0.5822571034146485, 0.9498614640308941
630, 0.9423076923076923, 0.5772523300045358, 0.9432122518223135
635, 0.9487179487179487, 0.5722066738346779, 0.9498614640308941
640, 0.9487179487179487, 0.5672416270773122, 0.9498614640308941
645, 0.9487179487179487, 0.5623836404873429, 0.9498614640308941
650, 0.9487179487179487, 0.5575837977415519, 0.9498614640308941
655, 0.9487179487179487, 0.5529935428656015, 0.9498614640308941
660, 0.9487179487179487, 0.5481485446490508, 0.9498614640308941
665, 0.9487179487179487, 0.5435062256543995, 0.9498614640308941
670, 0.9487179487179487, 0.5389514832071733, 0.9498614640308941
675, 0.9487179487179487, 0.534473773725628, 0.9498614640308941
680, 0.9487179487179487, 0.5300716458356881, 0.9498614640308941
685, 0.9615384615384616, 0.5256283610180179, 0.9626311471870818
690, 0.9551282051282052, 0.5212583762120615, 0.9565283316492444
695, 0.9615384615384616, 0.5170138957565344, 0.9626311471870818
0, 0.3333333333333333, 2.65035895954513, 0.8333333333333334
5, 0.3333333333333333, 2.0674662488202427, 0.8333333333333334
10, 0.3333333333333333, 1.9134889559252701, 0.8333333333333334
15, 0.4230769230769231, 1.872904956229669, 0.6437499999999999
20, 0.532051282051282, 1.856805842528362, 0.7609721566776781
25, 0.5576923076923077, 1.8450631073223058, 0.772261623325453
30, 0.5769230769230769, 1.8352026421082748, 0.7836139169472501
35, 0.5833333333333334, 1.825256018010209, 0.788052220102495
40, 0.5769230769230769, 1.815488702713419, 0.7824785845210039
45, 0.5961538461538461, 1.8057640819641272, 0.7997754070746771
50, 0.5833333333333334, 1.7958515388875214, 0.7863343810806765
55, 0.5961538461538461, 1.7860195436986663, 0.7974787715557551
60, 0.5897435897435898, 1.7758011410725203, 0.791919191919192
65, 0.5897435897435898, 1.7656404757427953, 0.791919191919192
70, 0.6025641025641025, 1.7556212282454722, 0.8062992125984252
75, 0.5897435897435898, 1.7449758752598654, 0.791919191919192
80, 0.6089743589743589, 1.7345021161417054, 0.808529741863075
85, 0.6538461538461539, 1.7235254331066363, 0.5833299568257226
90, 0.6666666666666666, 1.7126098548113835, 0.6011433685293155
95, 0.6730769230769231, 1.7015908309056322, 0.6002115187722911
100, 0.6730769230769231, 1.690115192964015, 0.6119551077106254
105, 0.6730769230769231, 1.6785861238960451, 0.6067841880341881
110, 0.7051282051282052, 1.666665064886903, 0.6618651849776658
115, 0.75, 1.6545632585073997, 0.7266540668196165
120, 0.717948717948718, 1.6423115365474537, 0.6790994623655914
125, 0.75, 1.6297329249921249, 0.7222201833365954
130, 0.7564102564102564, 1.616901593892419, 0.7356751775356426
135, 0.8012820512820513, 1.6038376662143214, 0.7916666666666666
140, 0.8141025641025641, 1.5904333753283362, 0.8056233981026345
145, 0.8076923076923077, 1.5768100573426185, 0.7962406365405003
150, 0.8076923076923077, 1.5629925420777748, 0.7976505702273942
155, 0.8333333333333334, 1.5487802357450626, 0.8254146535916448
160, 0.8653846153846154, 1.5343693017354256, 0.8633642756680732
165, 0.8782051282051282, 1.5196373744778093, 0.8765352676462544
170, 0.8717948717948718, 1.5047437100693133, 0.8693406657900685
175, 0.8717948717948718, 1.4896511800307064, 0.8707071651090343
180, 0.8846153846153846, 1.4741484569523193, 0.8837699488105991
185, 0.9166666666666666, 1.4585647642267558, 0.9184885995230823
190, 0.9166666666666666, 1.4426930670534095, 0.9184885995230823
195, 0.9166666666666666, 1.4266947200945752, 0.9184885995230823
200, 0.9230769230769231, 1.4106611328981644, 0.925122437608141
205, 0.9166666666666666, 1.3942155048323353, 0.9184885995230823
210, 0.9230769230769231, 1.3777885568843966, 0.9250194250194249
215, 0.9358974358974359, 1.3612105605664813, 0.9382562949667461
220, 0.9294871794871795, 1.3446872500349123, 0.9318600535738094
225, 0.9294871794871795, 1.328063721015722, 0.9318600535738094
230, 0.9358974358974359, 1.311215247343582, 0.9382562949667461
235, 0.9358974358974359, 1.2945308616971392, 0.9382562949667461
240, 0.9358974358974359, 1.277811978784776, 0.9382562949667461
245, 0.9358974358974359, 1.2611895796514547, 0.9382562949667461
250, 0.9358974358974359, 1.2446437961730636, 0.9382562949667461
255, 0.9294871794871795, 1.2279278150054613, 0.9311148679565169
260, 0.9294871794871795, 1.2114320197122819, 0.9311148679565169
265, 0.9294871794871795, 1.1952649769080672, 0.9316361878481345
270, 0.9358974358974359, 1.1788694731195877, 0.937194852112175
275, 0.9358974358974359, 1.1628170040506105, 0.937194852112175
280, 0.9358974358974359, 1.1466336654942855, 0.937194852112175
285, 0.9358974358974359, 1.1307884304086158, 0.937194852112175
290, 0.9358974358974359, 1.1152095732588454, 0.937194852112175
295, 0.9358974358974359, 1.099683108626108, 0.937194852112175
300, 0.9358974358974359, 1.0843352988900623, 0.937194852112175
305, 0.9358974358974359, 1.0691125295259432, 0.937194852112175
310, 0.9358974358974359, 1.0540897322075886, 0.937194852112175
315, 0.9358974358974359, 1.0393989992916988, 0.937194852112175
320, 0.9358974358974359, 1.0248670150845336, 0.937194852112175
325, 0.9358974358974359, 1.0104512172743159, 0.937194852112175
330, 0.9358974358974359, 0.9963561931323309, 0.937194852112175
335, 0.9358974358974359, 0.9823559872231533, 0.937194852112175
340, 0.9358974358974359, 0.9687225108369435, 0.937194852112175
345, 0.9358974358974359, 0.9552948132071223, 0.937194852112175
350, 0.9358974358974359, 0.9419767681614392, 0.937194852112175
355, 0.9423076923076923, 0.9289588692852635, 0.9432850241545894
360, 0.9358974358974359, 0.9161457928316867, 0.937194852112175
365, 0.9358974358974359, 0.9036364996401064, 0.937194852112175
370, 0.9423076923076923, 0.8913554918217494, 0.9432850241545894
375, 0.9487179487179487, 0.8791329488168181, 0.9493977530745402
380, 0.9551282051282052, 0.8672698504251872, 0.9563061353573689
385, 0.9551282051282052, 0.855619867690196, 0.9563061353573689
390, 0.9551282051282052, 0.8442184087976932, 0.9563061353573689
395, 0.9551282051282052, 0.8330650226226576, 0.9563061353573689
400, 0.9551282051282052, 0.8219702516705026, 0.9563061353573689
405, 0.9551282051282052, 0.8112200738863521, 0.9563061353573689
410, 0.9551282051282052, 0.8006670322150065, 0.9563061353573689
415, 0.9551282051282052, 0.7903773713576118, 0.9563061353573689
420, 0.9551282051282052, 0.7802281940296112, 0.9563061353573689
425, 0.9551282051282052, 0.7702219959220543, 0.9563061353573689
430, 0.9551282051282052, 0.7605420580291912, 0.9563061353573689
435, 0.9615384615384616, 0.7510228647094783, 0.9623971691865743
440, 0.9551282051282052, 0.7417059158620284, 0.9563061353573689
445, 0.9551282051282052, 0.7325575865133356, 0.9563061353573689
450, 0.9551282051282052, 0.7235500823948526, 0.9563061353573689
455, 0.9615384615384616, 0.7148073794534161, 0.9623971691865743
460, 0.9615384615384616, 0.7063961388561426, 0.9623971691865743
465, 0.9615384615384616, 0.6978306159873043, 0.9623971691865743
470, 0.9615384615384616, 0.6895846868378869, 0.9623971691865743
475, 0.9615384615384616, 0.6814575245893045, 0.9623971691865743
480, 0.9615384615384616, 0.6735794998348114, 0.9623971691865743
485, 0.9615384615384616, 0.6659162593259926, 0.9623971691865743
490, 0.9615384615384616, 0.658288468356342, 0.9623971691865743
495, 0.9615384615384616, 0.6507965852967736, 0.9623971691865743
500, 0.9615384615384616, 0.6435246300694025, 0.9623971691865743
505, 0.9615384615384616, 0.6363688172127824, 0.9623971691865743
510, 0.9615384615384616, 0.6294096543259159, 0.9623971691865743
515, 0.9615384615384616, 0.6225615706940015, 0.9623971691865743
520, 0.9615384615384616, 0.6157645330987922, 0.9623971691865743
525, 0.9615384615384616, 0.6092235512494214, 0.9623971691865743
530, 0.9615384615384616, 0.6027365395381457, 0.9623971691865743
535, 0.9615384615384616, 0.5964185794100316, 0.9623971691865743
540, 0.9615384615384616, 0.5902168686754351, 0.9623971691865743
545, 0.9615384615384616, 0.5840708598417499, 0.9623971691865743
550, 0.9615384615384616, 0.5780987569063782, 0.9623971691865743
555, 0.967948717948718, 0.5722734871916396, 0.9684663498705245
560, 0.9615384615384616, 0.5665192763358134, 0.9623971691865743
565, 0.9615384615384616, 0.5609030406941147, 0.9623971691865743
570, 0.9615384615384616, 0.5552943368975698, 0.9623971691865743
575, 0.9615384615384616, 0.5498731928523279, 0.9623971691865743
580, 0.9743589743589743, 0.5445828874486377, 0.9745168129997012
585, 0.9743589743589743, 0.5393426300801085, 0.9745168129997012
590, 0.9615384615384616, 0.5342081175407019, 0.9623971691865743
595, 0.9615384615384616, 0.5291083126427797, 0.9623971691865743
600, 0.9743589743589743, 0.524164642821664, 0.9745168129997012
605, 0.9743589743589743, 0.5193326790207825, 0.9745168129997012
610, 0.967948717948718, 0.5145409709826331, 0.9684663498705245
615, 0.9743589743589743, 0.5098227531021975, 0.9745168129997012
620, 0.967948717948718, 0.5051892110100372, 0.9684663498705245
625, 0.9743589743589743, 0.5006716073262216, 0.9745168129997012
630, 0.9743589743589743, 0.4962608890177149, 0.9745168129997012
635, 0.9743589743589743, 0.4918499374016915, 0.9745168129997012
640, 0.9743589743589743, 0.48752474849649163, 0.9745168129997012
645, 0.9743589743589743, 0.48327829552148327, 0.9745168129997012
650, 0.9743589743589743, 0.47913838311457213, 0.9745168129997012
655, 0.9743589743589743, 0.47521109911669385, 0.9745168129997012
660, 0.9807692307692307, 0.4710315610003201, 0.9809703686867047
665, 0.9807692307692307, 0.4670575333288194, 0.9809703686867047
670, 0.9807692307692307, 0.4631502015682597, 0.9809703686867047
675, 0.9807692307692307, 0.45934223092454135, 0.9809703686867047
680, 0.9807692307692307, 0.4556407107500537, 0.9809703686867047
685, 0.9807692307692307, 0.4518835765081518, 0.9809703686867047
690, 0.9807692307692307, 0.44818886354428855, 0.9809703686867047
695, 0.9807692307692307, 0.4446222064102173, 0.9809703686867047
0, 0.3333333333333333, 3.153078374908579, 0.5016181229773463
5, 0.33974358974358976, 2.3299086782346565, 0.1802168021680217
10, 0.36538461538461536, 2.041167284207503, 0.2450570871623504
15, 0.44871794871794873, 1.934163147712552, 0.3668700277107357
20, 0.5448717948717948, 1.8872962960800597, 0.47504482049936597
25, 0.5897435897435898, 1.860515202655035, 0.5242002442002442
30, 0.5897435897435898, 1.8419052486503047, 0.5233989378319275
35, 0.5833333333333334, 1.8256498668947432, 0.5183973925391494
40, 0.5897435897435898, 1.810532978461215, 0.5310097532989099
45, 0.6153846153846154, 1.7959366405241046, 0.5592105263157895
50, 0.6153846153846154, 1.7813962238073826, 0.5581730040902895
55, 0.6346153846153846, 1.7669514494282335, 0.5796721419618708
60, 0.6666666666666666, 1.752060957501288, 0.6343461254398473
65, 0.6794871794871795, 1.7372690291934778, 0.6542137671169929
70, 0.7243589743589743, 1.722535191916682, 0.7005587573181055
75, 0.6794871794871795, 1.7074837218885808, 0.6581080453363062
80, 0.717948717948718, 1.6923746247247862, 0.7023793314131099
85, 0.7564102564102564, 1.6766778605099977, 0.7522677508077652
90, 0.7884615384615384, 1.6610223989706594, 0.7865713939971192
95, 0.8012820512820513, 1.6453503399689002, 0.800835589744571
100, 0.7948717948717948, 1.629412646560325, 0.7955685618729097
105, 0.8333333333333334, 1.6132121261035686, 0.8352891784947535
110, 0.8205128205128205, 1.5965990393287712, 0.8232191496382281
115, 0.8589743589743589, 1.5798893861974723, 0.8623307909022196
120, 0.8589743589743589, 1.5632449877256478, 0.8623307909022196
125, 0.8589743589743589, 1.5463473525293443, 0.8623307909022196
130, 0.8589743589743589, 1.5291778591715242, 0.8623307909022196
135, 0.8717948717948718, 1.5118120849214036, 0.875185916660571
140, 0.8717948717948718, 1.4943265166784556, 0.8751097017566828
145, 0.8910256410256411, 1.4770102257266158, 0.8930467580919582
150, 0.8846153846153846, 1.4594988036391772, 0.8874389051808406
155, 0.9038461538461539, 1.4417624521648025, 0.905793852707693
160, 0.9038461538461539, 1.4239561486712422, 0.905793852707693
165, 0.9102564102564102, 1.4061726708917222, 0.9121064012027338
170, 0.9102564102564102, 1.388636668623471, 0.9121064012027338
175, 0.9166666666666666, 1.3709738211883244, 0.9185840569872591
180, 0.9230769230769231, 1.353182023871176, 0.9246328024973746
185, 0.9230769230769231, 1.3355116067854775, 0.9244711042311661
190, 0.9230769230769231, 1.317966859401174, 0.9244711042311661
195, 0.9294871794871795, 1.3006333093432754, 0.9309642392426077
200, 0.9294871794871795, 1.2834699427178389, 0.9309642392426077
205, 0.9294871794871795, 1.2661482754435978, 0.9309642392426077
210, 0.9230769230769231, 1.2490902160383417, 0.9244711042311661
215, 0.9294871794871795, 1.2322443358940462, 0.930537059312083
220, 0.9230769230769231, 1.2156992378210942, 0.9244711042311661
225, 0.9294871794871795, 1.1992267213617085, 0.930537059312083
230, 0.9294871794871795, 1.182811491784907, 0.930537059312083
235, 0.9294871794871795, 1.166787849861707, 0.930537059312083
240, 0.9294871794871795, 1.1509142933005692, 0.930537059312083
245, 0.9294871794871795, 1.135365736083186, 0.930537059312083
250, 0.9294871794871795, 1.1199525271256605, 0.930537059312083
255, 0.9294871794871795, 1.1046781224370978, 0.930537059312083
260, 0.9294871794871795, 1.0897363294070717, 0.930537059312083
265, 0.9358974358974359, 1.075155159773907, 0.9365842490842491
270, 0.9294871794871795, 1.0606111130986373, 0.930537059312083
275, 0.9294871794871795, 1.046381544776505, 0.930537059312083
280, 0.9294871794871795, 1.0322658677610395, 0.930537059312083
285, 0.9358974358974359, 1.018523092697338, 0.9365842490842491
290, 0.9358974358974359, 1.0050564057351676, 0.9365842490842491
295, 0.9358974358974359, 0.991710365066841, 0.9368550051599587
300, 0.9358974358974359, 0.9785934113613862, 0.9365842490842491
305, 0.9423076923076923, 0.9657151047090522, 0.9429092562362174
310, 0.9423076923076923, 0.9530657160900381, 0.9429092562362174
315, 0.9358974358974359, 0.9406925427788503, 0.9365842490842491
320, 0.9487179487179487, 0.9284842903804551, 0.9493555896213026
325, 0.9487179487179487, 0.9164425926216512, 0.9493555896213026
330, 0.9487179487179487, 0.9046847470557904, 0.9493555896213026
335, 0.9487179487179487, 0.8930982861482432, 0.9493555896213026
340, 0.9487179487179487, 0.8817287393845459, 0.9493555896213026
345, 0.9487179487179487, 0.8705666616440834, 0.9493555896213026
350, 0.9487179487179487, 0.859557410569633, 0.9493555896213026
355, 0.9487179487179487, 0.8487945301814549, 0.9493555896213026
360, 0.9487179487179487, 0.8382247812289325, 0.9493555896213026
365, 0.9487179487179487, 0.8278086362474193, 0.9493555896213026
370, 0.9487179487179487, 0.8175885789503613, 0.9493555896213026
375, 0.9487179487179487, 0.8074863960833941, 0.9493555896213026
380, 0.9487179487179487, 0.7976719477413629, 0.9493555896213026
385, 0.9487179487179487, 0.7879879258997384, 0.9493555896213026
390, 0.9487179487179487, 0.7784586338011463, 0.9493555896213026
395, 0.9487179487179487, 0.7690704323419525, 0.9493555896213026
400, 0.9487179487179487, 0.7598424061562232, 0.9493555896213026
405, 0.9487179487179487, 0.750859759261404, 0.9493555896213026
410, 0.9487179487179487, 0.7419889130407678, 0.9493555896213026
415, 0.9551282051282052, 0.7332669914299382, 0.9556303375659952
420, 0.9487179487179487, 0.7246454225321766, 0.9493555896213026
425, 0.9551282051282052, 0.7162213730216985, 0.9556303375659952
430, 0.9551282051282052, 0.7079848388962254, 0.9556303375659952
435, 0.9551282051282052, 0.6998898896033049, 0.9553969163889984
440, 0.9551282051282052, 0.6918626341644233, 0.9556303375659952
445, 0.9615384615384616, 0.6839664130695727, 0.9616760347470619
450, 0.9615384615384616, 0.6762559329971521, 0.9616760347470619
455, 0.9615384615384616, 0.6686985400484909, 0.9616760347470619
460, 0.9615384615384616, 0.6614015673289877, 0.9616760347470619
465, 0.9615384615384616, 0.6539212493682319, 0.9616760347470619
470, 0.967948717948718, 0.6467038519253865, 0.9680866032589984
475, 0.967948717948718, 0.6396312466270154, 0.9680866032589984
480, 0.967948717948718, 0.6327248307395997, 0.9680866032589984
485, 0.967948717948718, 0.6259394686720154, 0.9680866032589984
490, 0.9743589743589743, 0.619162312561979, 0.9745168129997012
495, 0.9743589743589743, 0.6125234130775576, 0.9745168129997012
500, 0.9743589743589743, 0.6060788592926253, 0.9745168129997012
505, 0.9743589743589743, 0.5997044331098251, 0.9745168129997012
510, 0.9743589743589743, 0.5934372491979288, 0.9745168129997012
515, 0.9743589743589743, 0.5872737271905512, 0.9745168129997012
520, 0.9743589743589743, 0.5811729301355558, 0.9745168129997012
525, 0.9743589743589743, 0.5752565208757877, 0.9745168129997012
530, 0.9743589743589743, 0.5694042490099569, 0.9745168129997012
535, 0.9743589743589743, 0.5636073531912299, 0.9745168129997012
540, 0.9743589743589743, 0.557958179065231, 0.9745168129997012
545, 0.9743589743589743, 0.5523678809010373, 0.9745168129997012
550, 0.9743589743589743, 0.546912217861334, 0.9745168129997012
555, 0.9743589743589743, 0.541563992017454, 0.9745168129997012
560, 0.9743589743589743, 0.5362202998212873, 0.9745168129997012
565, 0.9743589743589743, 0.5310357122633507, 0.9745168129997012
570, 0.9743589743589743, 0.5258800924052809, 0.9745168129997012
575, 0.9743589743589743, 0.5208732858533547, 0.9745168129997012
580, 0.9743589743589743, 0.5159458842308204, 0.9745168129997012
585, 0.9743589743589743, 0.5110397196641424, 0.9745168129997012
590, 0.9743589743589743, 0.5062364674684584, 0.9745168129997012
595, 0.9743589743589743, 0.5015027688107304, 0.9745168129997012
600, 0.9743589743589743, 0.49689067015821536, 0.9745168129997012
605, 0.9743589743589743, 0.49234580147148777, 0.9745168129997012
610, 0.9743589743589743, 0.48781388552545846, 0.9745168129997012
615, 0.9743589743589743, 0.4833751680367561, 0.9745168129997012
620, 0.9743589743589743, 0.4790336946449251, 0.9745168129997012
625, 0.9743589743589743, 0.4747640082681335, 0.9745168129997012
630, 0.9743589743589743, 0.4705962685454244, 0.9745168129997012
635, 0.9743589743589743, 0.4663906970278809, 0.9745168129997012
640, 0.9743589743589743, 0.46229160338881853, 0.9745168129997012
645, 0.9743589743589743, 0.45827683676885006, 0.9745168129997012
650, 0.9743589743589743, 0.4543368536268582, 0.9745168129997012
655, 0.9743589743589743, 0.45056639478359795, 0.9745168129997012
660, 0.9743589743589743, 0.4465930574376469, 0.9745168129997012
665, 0.9743589743589743, 0.4428095734916715, 0.9745168129997012
670, 0.9743589743589743, 0.4390945661655179, 0.9745168129997012
675, 0.9743589743589743, 0.43545816002991533, 0.9745168129997012
680, 0.9743589743589743, 0.43188103851998033, 0.9745168129997012
685, 0.9743589743589743, 0.42828886607173844, 0.9745168129997012
690, 0.9743589743589743, 0.4247644316997922, 0.9745168129997012
695, 0.9743589743589743, 0.4213507086628154, 0.9745168129997012
