0, 0.28205128205128205, 2.310223044318772, 0.8133333333333334
5, 0.28205128205128205, 2.035893069178137, 0.8133333333333334
10, 0.2948717948717949, 1.9253580324063722, 0.5026455026455027
15, 0.5641025641025641, 1.881514300401726, 0.7931531531531532
20, 0.5961538461538461, 1.8611173668693628, 0.8047875064004096
25, 0.5384615384615384, 1.850615275703641, 0.4362573099415205
30, 0.42948717948717946, 1.8434919735794968, 0.29180555555555554
35, 0.391025641025641, 1.8380029687619213, 0.5429553264604811
40, 0.40384615384615385, 1.83338591058036, 0.5644624381466486
45, 0.4166666666666667, 1.8289994266270304, 0.5837239497370216
50, 0.42948717948717946, 1.8247456917400378, 0.6013459242374904
55, 0.4358974358974359, 1.8204505313650303, 0.6099033816425121
60, 0.42948717948717946, 1.8161593901271327, 0.6013459242374904
65, 0.4423076923076923, 1.81180782411976, 0.6183006535947713
70, 0.48717948717948717, 1.8074346268323767, 0.6734327871525231
75, 0.48717948717948717, 1.8028783691752783, 0.6732411674347158
80, 0.48717948717948717, 1.7982084628194759, 0.6732411674347158
85, 0.48717948717948717, 1.7934998346018682, 0.6732411674347158
90, 0.48717948717948717, 1.7886642491368074, 0.6732411674347158
95, 0.532051282051282, 1.783718902393825, 0.7220608288373748
100, 0.5384615384615384, 1.7785536809919098, 0.7286400503976691
105, 0.5128205128205128, 1.7732525968394814, 0.7018007202881152
110, 0.5192307692307693, 1.7678348002065172, 0.7086446317215547
115, 0.5512820512820513, 1.76224555332259, 0.7415572232645404
120, 0.5576923076923077, 1.7565315073843402, 0.7479014509689357
125, 0.6089743589743589, 1.7504919007365225, 0.523887756422701
130, 0.6089743589743589, 1.7443240361404453, 0.5366136233358362
135, 0.6217948717948718, 1.7379577394350751, 0.5550411522633745
140, 0.6474358974358975, 1.731390467760533, 0.5910622045615238
145, 0.6602564102564102, 1.7246120910869394, 0.6039006994421008
150, 0.7435897435897436, 1.7174969206909547, 0.7265349863357269
155, 0.7243589743589743, 1.7101751235802936, 0.7059646779105736
160, 0.7564102564102564, 1.7026298934520496, 0.7443781377285213
165, 0.7756410256410257, 1.6948082507257312, 0.7702651942002854
170, 0.782051282051282, 1.6867344775786546, 0.7775947702668734
175, 0.8076923076923077, 1.6782813637585037, 0.8043043043043044
180, 0.7948717948717948, 1.6696016875514583, 0.7929332443486148
185, 0.8205128205128205, 1.6606676495491826, 0.8195180299598649
190, 0.8205128205128205, 1.6513713265774077, 0.8195180299598649
195, 0.8205128205128205, 1.6417264659047681, 0.8195180299598649
200, 0.8333333333333334, 1.6317881874536273, 0.832840722495895
205, 0.8269230769230769, 1.6216041970053614, 0.8264253831438686
210, 0.8589743589743589, 1.6110049867034253, 0.8601319047031294
215, 0.8717948717948718, 1.6000896259978303, 0.8725731915197001
220, 0.8717948717948718, 1.5887822599064734, 0.8725731915197001
225, 0.8910256410256411, 1.5771838959946514, 0.8921438737835349
230, 0.9038461538461539, 1.5653233630216479, 0.907191444291925
235, 0.9038461538461539, 1.5531045536919523, 0.907191444291925
240, 0.9102564102564102, 1.5404602636103577, 0.9135813745788169
245, 0.9166666666666666, 1.5275238465582937, 0.9199046446275774
250, 0.9166666666666666, 1.5142674206533737, 0.9199046446275774
255, 0.9166666666666666, 1.5007402442486137, 0.9199046446275774
260, 0.9166666666666666, 1.4869973925780535, 0.9199046446275774
265, 0.9294871794871795, 1.4728354407021116, 0.9322975774856416
270, 0.9230769230769231, 1.4583361906424532, 0.9261264833328613
275, 0.9230769230769231, 1.4436611337473475, 0.9261264833328613
280, 0.9230769230769231, 1.428782502168515, 0.9261264833328613
285, 0.9294871794871795, 1.4136847862304294, 0.9322975774856416
290, 0.9358974358974359, 1.3982440896971866, 0.9384213653563499
295, 0.9358974358974359, 1.3825620163310572, 0.9384213653563499
300, 0.9358974358974359, 1.3668321745961352, 0.9384213653563499
305, 0.9358974358974359, 1.350949372115198, 0.9384213653563499
310, 0.9487179487179487, 1.3348973644396827, 0.9510943583538864
315, 0.9551282051282052, 1.3187594804794056, 0.957247393744988
320, 0.9487179487179487, 1.30234985534656, 0.9507575757575758
325, 0.9487179487179487, 1.2861083542043739, 0.9507575757575758
330, 0.9487179487179487, 1.2697250575972212, 0.9507575757575758
335, 0.9487179487179487, 1.253337234458692, 0.9507575757575758
340, 0.9551282051282052, 1.2369752223100128, 0.9570486449025332
345, 0.9615384615384616, 1.2204643220611064, 0.9631995351907318
350, 0.9551282051282052, 1.2042494826759962, 0.9570486449025332
355, 0.9551282051282052, 1.1880111792579644, 0.9570486449025332
360, 0.9551282051282052, 1.1718395345196122, 0.9564353571322214
365, 0.9551282051282052, 1.1558629621538734, 0.9564353571322214
370, 0.9615384615384616, 1.1399125216833015, 0.962516536287028
375, 0.9551282051282052, 1.124274065353015, 0.9564353571322214
380, 0.9615384615384616, 1.1087652027327128, 0.962516536287028
385, 0.9615384615384616, 1.0933726370484655, 0.962516536287028
390, 0.9615384615384616, 1.0782271836165804, 0.962516536287028
395, 0.967948717948718, 1.0632700561498596, 0.9685702176611267
400, 0.9615384615384616, 1.0486986124612874, 0.962516536287028
405, 0.967948717948718, 1.0341489059155127, 0.9685702176611267
410, 0.967948717948718, 1.0198782459431759, 0.9685702176611267
415, 0.967948717948718, 1.0058564039715745, 0.9685702176611267
420, 0.967948717948718, 0.9921081966919197, 0.9685702176611267
425, 0.967948717948718, 0.9786376857987267, 0.9685702176611267
430, 0.967948717948718, 0.9653803600193864, 0.9685702176611267
435, 0.967948717948718, 0.9522783403471903, 0.9685702176611267
440, 0.967948717948718, 0.9394836403958018, 0.9685702176611267
445, 0.967948717948718, 0.9269365382121714, 0.9685702176611267
450, 0.967948717948718, 0.9146702738366961, 0.9685702176611267
455, 0.967948717948718, 0.9026481778066756, 0.9685702176611267
460, 0.9615384615384616, 0.8907665224891668, 0.9624433322453124
465, 0.9615384615384616, 0.8791284380219455, 0.9624433322453124
470, 0.967948717948718, 0.8677706911573176, 0.9685702176611267
475, 0.967948717948718, 0.8566608442254101, 0.9685702176611267
480, 0.967948717948718, 0.8457189225333471, 0.9685702176611267
485, 0.9615384615384616, 0.8349712272095919, 0.9624433322453124
490, 0.967948717948718, 0.8244594028791912, 0.9684694390576744
495, 0.967948717948718, 0.8141952150505151, 0.9685702176611267
500, 0.967948717948718, 0.804093768529785, 0.9685702176611267
505, 0.967948717948718, 0.7942062517915557, 0.9684694390576744
510, 0.967948717948718, 0.7844966658435448, 0.9684694390576744
515, 0.967948717948718, 0.7749865127486018, 0.9684694390576744
520, 0.967948717948718, 0.7657304584753156, 0.9685702176611267
525, 0.9743589743589743, 0.7565623515852498, 0.9745995478668745
530, 0.967948717948718, 0.7475967321114015, 0.9684694390576744
535, 0.9743589743589743, 0.738809583071415, 0.9745995478668745
540, 0.967948717948718, 0.7302169192596525, 0.9684694390576744
545, 0.9743589743589743, 0.7218013023670838, 0.9745995478668745
550, 0.9743589743589743, 0.7134975148198289, 0.9745995478668745
555, 0.967948717948718, 0.7053690231034833, 0.9684694390576744
560, 0.9743589743589743, 0.6974020805187877, 0.9745995478668745
565, 0.967948717948718, 0.6896079006569065, 0.9684694390576744
570, 0.9743589743589743, 0.681960338331462, 0.9745995478668745
575, 0.9743589743589743, 0.674436707869588, 0.9745995478668745
580, 0.9743589743589743, 0.667043368097442, 0.9745995478668745
585, 0.9743589743589743, 0.6598272214214207, 0.9745995478668745
590, 0.9743589743589743, 0.6527265243818317, 0.9745995478668745
595, 0.9743589743589743, 0.6457988365834916, 0.9745995478668745
600, 0.9743589743589743, 0.6389105025145957, 0.9745995478668745
605, 0.9743589743589743, 0.6321987609162636, 0.9745995478668745
610, 0.9743589743589743, 0.6256049719361371, 0.9745995478668745
615, 0.9743589743589743, 0.6191586619760542, 0.9745995478668745
620, 0.9743589743589743, 0.6127999365962898, 0.9745995478668745
625, 0.9743589743589743, 0.6065618201183517, 0.9745995478668745
630, 0.9743589743589743, 0.6004143815481543, 0.9745995478668745
635, 0.9743589743589743, 0.5944106201082884, 0.9745995478668745
640, 0.9743589743589743, 0.5884823060594795, 0.9745995478668745
645, 0.9743589743589743, 0.582695317334204, 0.9745995478668745
650, 0.9743589743589743, 0.5769795234399616, 0.9745995478668745
655, 0.9743589743589743, 0.5713795858909406, 0.9745995478668745
660, 0.9743589743589743, 0.565865484471849, 0.9745995478668745
665, 0.9743589743589743, 0.5604254129570244, 0.9745995478668745
670, 0.9743589743589743, 0.5551194206208195, 0.9745995478668745
675, 0.9743589743589743, 0.54985828116004, 0.9745995478668745
680, 0.9743589743589743, 0.5447070538872353, 0.9745995478668745
685, 0.9743589743589743, 0.5396804974173428, 0.9745995478668745
690, 0.9743589743589743, 0.5346850895651811, 0.9745995478668745
695, 0.9743589743589743, 0.5297801803368608, 0.9745995478668745
0, 0.3269230769230769, 2.8101561539131445, 0.8309178743961353
5, 0.3269230769230769, 2.239480991462864, 0.8309178743961353
10, 0.3269230769230769, 1.9672173065250131, 0.8309178743961353
15, 0.3269230769230769, 1.8634161211152174, 0.8309178743961353
20, 0.3269230769230769, 1.8208452002823408, 0.8309178743961353
25, 0.5769230769230769, 1.800160955768526, 0.7847144247323902
30, 0.6025641025641025, 1.7892092377228452, 0.7938034188034188
35, 0.48717948717948717, 1.7808263559366855, 0.6789243194471952
40, 0.46794871794871795, 1.7740020591589933, 0.6514693829762322
45, 0.4551282051282051, 1.767430767083661, 0.6339586339586339
50, 0.44871794871794873, 1.760844331599618, 0.6249019607843137
55, 0.4423076923076923, 1.7542344554468583, 0.6157130226095743
60, 0.4423076923076923, 1.7475609745458, 0.2884576157589533
65, 0.44871794871794873, 1.7408106566787025, 0.2984765553731071
70, 0.4935897435897436, 1.7339578237764535, 0.37308020823213184
75, 0.48717948717948717, 1.7267797093891262, 0.3699394534446081
80, 0.4807692307692308, 1.7194872235752736, 0.361077764439109
85, 0.4935897435897436, 1.7121137545281533, 0.3876612088134223
90, 0.5128205128205128, 1.7045768672985884, 0.4182144120311826
95, 0.5448717948717948, 1.6968617563999306, 0.4670087167604546
100, 0.5897435897435898, 1.6888913376433288, 0.541536172810842
105, 0.5833333333333334, 1.6807576691630304, 0.5330581307030412
110, 0.5961538461538461, 1.6725338866756583, 0.55186932055235
115, 0.6025641025641025, 1.6640943613976884, 0.5596916727786415
120, 0.6217948717948718, 1.6555345226261744, 0.5840109893247258
125, 0.6730769230769231, 1.6466528282448865, 0.6533295764064994
130, 0.6538461538461539, 1.6376646384773277, 0.6309153546476061
135, 0.6987179487179487, 1.6285362326234538, 0.6873654407418637
140, 0.7435897435897436, 1.6192151214924337, 0.7396503965890505
145, 0.7435897435897436, 1.6097358289628343, 0.7396503965890505
150, 0.7756410256410257, 1.599961988309552, 0.7748564699784213
155, 0.75, 1.5900841607395624, 0.7466591591591593
160, 0.7628205128205128, 1.5800610753711741, 0.7609875698483295
165, 0.782051282051282, 1.5698443519357672, 0.7803712803712805
170, 0.8012820512820513, 1.5594971031260312, 0.8022541292991514
175, 0.8076923076923077, 1.5488837172518277, 0.8089982129717229
180, 0.8076923076923077, 1.5381933306657707, 0.8089982129717229
185, 0.8205128205128205, 1.5273812121761436, 0.8223524687796303
190, 0.8397435897435898, 1.5163542147557274, 0.842929292929293
195, 0.8525641025641025, 1.5051840694855987, 0.85578474542748
200, 0.8589743589743589, 1.4938620373662856, 0.8620924704621192
205, 0.8589743589743589, 1.482509420519157, 0.8620924704621192
210, 0.8782051282051282, 1.4709144867844433, 0.8813894639981598
215, 0.8846153846153846, 1.4592380005078012, 0.8878193987683037
220, 0.8846153846153846, 1.4473991061569058, 0.8878193987683037
225, 0.8910256410256411, 1.4354567651042864, 0.8941866601713148
230, 0.8910256410256411, 1.4234932821188353, 0.8941866601713148
235, 0.8974358974358975, 1.411403310455919, 0.9004949650110939
240, 0.9038461538461539, 1.3991559647978125, 0.9068144413920277
245, 0.9102564102564102, 1.386834544837356, 0.9131006489942002
250, 0.9230769230769231, 1.3744288281049415, 0.9256617489044822
255, 0.9166666666666666, 1.3620196830771634, 0.9193918402231119
260, 0.9230769230769231, 1.3495733646924852, 0.9256617489044822
265, 0.9294871794871795, 1.3370261588817591, 0.931884814152256
270, 0.9230769230769231, 1.3243548847701185, 0.9253597522943955
275, 0.9230769230769231, 1.3116923080629248, 0.9256617489044822
280, 0.9294871794871795, 1.2990753745597574, 0.9327177675847258
285, 0.9294871794871795, 1.286372949994803, 0.9324215224460023
290, 0.9358974358974359, 1.2736615365303383, 0.9386047979797979
295, 0.9358974358974359, 1.2608839624877177, 0.9386047979797979
300, 0.9358974358974359, 1.2481792777191676, 0.9386047979797979
305, 0.9358974358974359, 1.2354588739245147, 0.9386047979797979
310, 0.9358974358974359, 1.2227761158523034, 0.9386047979797979
315, 0.9358974358974359, 1.2101252274141416, 0.9386047979797979
320, 0.9423076923076923, 1.1973873665546486, 0.9447472123622785
325, 0.9358974358974359, 1.1848493671566684, 0.9386047979797979
330, 0.9423076923076923, 1.1722438504580062, 0.9447472123622785
335, 0.9487179487179487, 1.1597211878160043, 0.9510356776660496
340, 0.9487179487179487, 1.1472657726644682, 0.9510356776660496
345, 0.9423076923076923, 1.1347912221987304, 0.9445376097747232
350, 0.9487179487179487, 1.1225099692638858, 0.9510356776660496
355, 0.9423076923076923, 1.1102107034898527, 0.9445376097747232
360, 0.9423076923076923, 1.0980172345022923, 0.9445376097747232
365, 0.9423076923076923, 1.085927704405713, 0.9445376097747232
370, 0.9423076923076923, 1.0738635592501364, 0.9445376097747232
375, 0.9423076923076923, 1.0619745640030167, 0.9445376097747232
380, 0.9423076923076923, 1.0501464803482132, 0.9445376097747232
385, 0.9487179487179487, 1.0384114807328482, 0.9506790529832004
390, 0.9487179487179487, 1.0268209315209675, 0.9506790529832004
395, 0.9487179487179487, 1.0152771456678589, 0.9506790529832004
400, 0.9487179487179487, 1.0039635507530142, 0.9506790529832004
405, 0.9487179487179487, 0.9926228504083093, 0.9506790529832004
410, 0.9487179487179487, 0.9814857065790841, 0.9506790529832004
415, 0.9487179487179487, 0.9704409212280319, 0.9506790529832004
420, 0.9487179487179487, 0.9595369106303997, 0.9506790529832004
425, 0.9487179487179487, 0.948768539352154, 0.9506790529832004
430, 0.9487179487179487, 0.9381431704323543, 0.9506790529832004
435, 0.9551282051282052, 0.9276016258248497, 0.9567873860556787
440, 0.9551282051282052, 0.917214843273558, 0.9567873860556787
445, 0.9551282051282052, 0.9069443953332585, 0.9567873860556787
450, 0.9551282051282052, 0.8968510204529349, 0.9567873860556787
455, 0.9551282051282052, 0.8868978864678095, 0.9567873860556787
460, 0.9551282051282052, 0.8770739486615506, 0.9567873860556787
465, 0.9551282051282052, 0.8673230775018171, 0.9567873860556787
470, 0.9551282051282052, 0.8577494934089436, 0.9567873860556787
475, 0.9551282051282052, 0.8483473751049587, 0.9567873860556787
480, 0.9551282051282052, 0.8390324946843148, 0.9567873860556787
485, 0.9615384615384616, 0.8298769573921652, 0.9628658166363083
490, 0.9615384615384616, 0.8208450737175298, 0.9628658166363083
495, 0.9551282051282052, 0.8119789847191858, 0.9567873860556787
500, 0.9551282051282052, 0.8032125925665388, 0.9567873860556787
505, 0.9615384615384616, 0.7946023882413098, 0.9628658166363083
510, 0.9615384615384616, 0.7861196570032839, 0.9628658166363083
515, 0.967948717948718, 0.7777518384191264, 0.968917497810387
520, 0.9615384615384616, 0.7695937087721524, 0.9628658166363083
525, 0.9615384615384616, 0.7614585430734743, 0.9628658166363083
530, 0.967948717948718, 0.7534869105046513, 0.968917497810387
535, 0.967948717948718, 0.7456636925323373, 0.968917497810387
540, 0.9615384615384616, 0.737954529225457, 0.9624433322453124
545, 0.9615384615384616, 0.7303975998548905, 0.9628658166363083
550, 0.967948717948718, 0.722903584739579, 0.968917497810387
555, 0.9615384615384616, 0.7155581546690717, 0.9624433322453124
560, 0.9615384615384616, 0.7083402635648068, 0.9624433322453124
565, 0.9615384615384616, 0.7012291493037953, 0.9624433322453124
570, 0.9615384615384616, 0.694254903742423, 0.9624433322453124
575, 0.9615384615384616, 0.6873690926493015, 0.9624433322453124
580, 0.9615384615384616, 0.680600510337388, 0.9624433322453124
585, 0.9615384615384616, 0.6739576615225992, 0.9624433322453124
590, 0.9615384615384616, 0.6674044717203672, 0.9624433322453124
595, 0.9615384615384616, 0.6610100820038235, 0.9624433322453124
600, 0.9615384615384616, 0.6546244188114532, 0.9624433322453124
605, 0.9615384615384616, 0.6484122237802803, 0.9624433322453124
610, 0.9615384615384616, 0.6422737356885853, 0.9624433322453124
615, 0.9615384615384616, 0.6362559514975662, 0.9624433322453124
620, 0.9615384615384616, 0.6303226398828475, 0.9624433322453124
625, 0.9615384615384616, 0.62448144972015, 0.9624433322453124
630, 0.9615384615384616, 0.6187397589323822, 0.9624433322453124
635, 0.9615384615384616, 0.6130956180139184, 0.9624433322453124
640, 0.9615384615384616, 0.6075176417194982, 0.9624433322453124
645, 0.9615384615384616, 0.6020642082060915, 0.9624433322453124
650, 0.9615384615384616, 0.596679862374451, 0.9624433322453124
655, 0.9615384615384616, 0.5914109889450122, 0.9624433322453124
660, 0.9615384615384616, 0.586158301228313, 0.9624433322453124
665, 0.9615384615384616, 0.5810146432676166, 0.9624433322453124
670, 0.9615384615384616, 0.575978272700575, 0.9624433322453124
675, 0.9615384615384616, 0.5709936554282055, 0.9624433322453124
680, 0.9615384615384616, 0.5660999656163057, 0.9624433322453124
685, 0.9615384615384616, 0.5612756615694283, 0.9624433322453124
690, 0.9615384615384616, 0.5565297846071011, 0.9624433322453124
695, 0.9615384615384616, 0.5518526598044666, 0.9624433322453124
0, 0.3269230769230769, 2.2722964224171776, 0.8309178743961353
5, 0.3269230769230769, 2.034986934781951, 0.8309178743961353
10, 0.23076923076923078, 1.9433760170064391, 0.1711458598186287
15, 0.3974358974358974, 1.9079295391240003, 0.20396210163652026
20, 0.391025641025641, 1.8910184690750502, 0.8540706605222734
25, 0.391025641025641, 1.8807852661516142, 0.8540706605222734
30, 0.391025641025641, 1.8733849431734761, 0.8540706605222734
35, 0.391025641025641, 1.8666787251124384, 0.8540706605222734
40, 0.391025641025641, 1.8603718245521765, 0.8540706605222734
45, 0.391025641025641, 1.8540046437934607, 0.8540706605222734
50, 0.391025641025641, 1.8474912400763985, 0.8540706605222734
55, 0.391025641025641, 1.8408226323508967, 0.8540706605222734
60, 0.391025641025641, 1.8339963091617342, 0.8540706605222734
65, 0.391025641025641, 1.827019470977882, 0.8540706605222734
70, 0.3974358974358974, 1.8198701497488463, 0.5364197530864198
75, 0.40384615384615385, 1.812390734178905, 0.5514661274014155
80, 0.40384615384615385, 1.8046876551190212, 0.5514661274014155
85, 0.41025641025641024, 1.7968496519448043, 0.5659176774706701
90, 0.4166666666666667, 1.7887979714128106, 0.2482885729331227
95, 0.4358974358974359, 1.780520443869563, 0.2893157651410079
100, 0.47435897435897434, 1.7719629031958009, 0.3613194087770359
105, 0.47435897435897434, 1.763137625886148, 0.3613194087770359
110, 0.48717948717948717, 1.7542183239281752, 0.384191036650053
115, 0.5256410256410257, 1.7450270853352305, 0.44091680814940576
120, 0.532051282051282, 1.7356900660558352, 0.4528711965225349
125, 0.5961538461538461, 1.7260199503570444, 0.5447588464666263
130, 0.5705128205128205, 1.7161095738369283, 0.49990912197285287
135, 0.6025641025641025, 1.7061008576986507, 0.5549700435729847
140, 0.6282051282051282, 1.6958205387720715, 0.5920094848550397
145, 0.6474358974358975, 1.6853773977299056, 0.6165908356871945
150, 0.6923076923076923, 1.6745849990106108, 0.6762882150463153
155, 0.6794871794871795, 1.6635826583957352, 0.658645240903588
160, 0.7051282051282052, 1.6524320754137996, 0.6911761158749111
165, 0.717948717948718, 1.6410061269594063, 0.7074269391342561
170, 0.7243589743589743, 1.629425357700479, 0.715314578382063
175, 0.7628205128205128, 1.617515541653773, 0.7584128539542553
180, 0.7435897435897436, 1.6054213551192988, 0.7366228070175439
185, 0.7692307692307693, 1.593191243121568, 0.7658073290984683
190, 0.7948717948717948, 1.580650304545162, 0.7925438596491228
195, 0.8076923076923077, 1.567907150605757, 0.8061068639859004
200, 0.8205128205128205, 1.5549674602699102, 0.8195169941511011
205, 0.8141025641025641, 1.5419047647769721, 0.8122122244251266
210, 0.8461538461538461, 1.5285368934898667, 0.846916071511003
215, 0.8525641025641025, 1.5150014373396903, 0.853835978835979
220, 0.8525641025641025, 1.5012635611594136, 0.853835978835979
225, 0.8653846153846154, 1.4873911219522482, 0.8667771333885668
230, 0.8717948717948718, 1.4734066947180213, 0.8738711337794207
235, 0.8846153846153846, 1.4592425697613687, 0.887375415282392
240, 0.8782051282051282, 1.4448540854981964, 0.8809266940897964
245, 0.8782051282051282, 1.4303715322432233, 0.8809266940897964
250, 0.8782051282051282, 1.4157830827966609, 0.8809266940897964
255, 0.8782051282051282, 1.4011293194792036, 0.8809266940897964
260, 0.8782051282051282, 1.3864396526966103, 0.8809266940897964
265, 0.9038461538461539, 1.3715544707739205, 0.9070242656449553
270, 0.8974358974358975, 1.3565755361689247, 0.900600922275148
275, 0.8974358974358975, 1.3416238724858418, 0.900600922275148
280, 0.8974358974358975, 1.3267015052956774, 0.900600922275148
285, 0.9102564102564102, 1.3116937844833767, 0.9131539273330317
290, 0.9166666666666666, 1.2966232416202668, 0.9192287835694103
295, 0.9230769230769231, 1.2815107138568096, 0.9256586110518695
300, 0.9166666666666666, 1.2665455114928246, 0.9192287835694103
305, 0.9166666666666666, 1.2515933536633508, 0.9192287835694103
310, 0.9487179487179487, 1.2366398282878335, 0.9508599448058348
315, 0.9487179487179487, 1.221810556598076, 0.9508599448058348
320, 0.9487179487179487, 1.2068571810302633, 0.9508599448058348
325, 0.9487179487179487, 1.1922123907335476, 0.9508599448058348
330, 0.9487179487179487, 1.177553331853403, 0.9508599448058348
335, 0.9551282051282052, 1.1629890031077688, 0.9570486449025332
340, 0.9551282051282052, 1.1485777424288373, 0.9570486449025332
345, 0.9551282051282052, 1.1341105947914125, 0.9570486449025332
350, 0.9551282051282052, 1.1199879441661607, 0.9570486449025332
355, 0.9551282051282052, 1.1059110819273965, 0.9570486449025332
360, 0.9551282051282052, 1.0919297626588185, 0.9570486449025332
365, 0.9551282051282052, 1.078172085211061, 0.9570486449025332
370, 0.9551282051282052, 1.0644754943525834, 0.9570486449025332
375, 0.9551282051282052, 1.0510486497915403, 0.9570486449025332
380, 0.9615384615384616, 1.0377524284756017, 0.9631995351907318
385, 0.9615384615384616, 1.0245657195404367, 0.9631995351907318
390, 0.9615384615384616, 1.0116116869369245, 0.9631995351907318
395, 0.9615384615384616, 0.9987862222477679, 0.9631995351907318
400, 0.9615384615384616, 0.986252197533139, 0.9631995351907318
405, 0.967948717948718, 0.973761560846144, 0.969315906137736
410, 0.9743589743589743, 0.9614954597889346, 0.9754009833748869
415, 0.9743589743589743, 0.9494119751242729, 0.9754009833748869
420, 0.9743589743589743, 0.9375476574103951, 0.9754009833748869
425, 0.9743589743589743, 0.9258527726515584, 0.9754009833748869
430, 0.9743589743589743, 0.914371809283344, 0.9754009833748869
435, 0.9807692307692307, 0.903002532357433, 0.9814579336804604
440, 0.9807692307692307, 0.8918476684442612, 0.9814579336804604
445, 0.9807692307692307, 0.8809086702068571, 0.9814579336804604
450, 0.9807692307692307, 0.8701506099064651, 0.9814579336804604
455, 0.9807692307692307, 0.8596025516184052, 0.9814579336804604
460, 0.9807692307692307, 0.8491814451940173, 0.9814579336804604
465, 0.9807692307692307, 0.8389285403938356, 0.9814579336804604
470, 0.9807692307692307, 0.8289024292850333, 0.9814579336804604
475, 0.9807692307692307, 0.8190683914080955, 0.9814579336804604
480, 0.9807692307692307, 0.8093609045907902, 0.9814579336804604
485, 0.9807692307692307, 0.7998239972442244, 0.9814579336804604
490, 0.9807692307692307, 0.7904719072389293, 0.9814579336804604
495, 0.9807692307692307, 0.7813345934527766, 0.9814579336804604
500, 0.9807692307692307, 0.7723063743712378, 0.9814579336804604
505, 0.9807692307692307, 0.7634649700684456, 0.9814579336804604
510, 0.9807692307692307, 0.7547710421731029, 0.9814579336804604
515, 0.9807692307692307, 0.7462170787834506, 0.9814579336804604
520, 0.9807692307692307, 0.7379287768038587, 0.9814579336804604
525, 0.9807692307692307, 0.7296720781815104, 0.9814579336804604
530, 0.9807692307692307, 0.7215974948679679, 0.9814579336804604
535, 0.9807692307692307, 0.7136725156838467, 0.9814579336804604
540, 0.9743589743589743, 0.7058930399778782, 0.9754247298002964
545, 0.9807692307692307, 0.6982937682487691, 0.9814579336804604
550, 0.9807692307692307, 0.6907853429098426, 0.9814579336804604
555, 0.9807692307692307, 0.6834201944572176, 0.9814579336804604
560, 0.9807692307692307, 0.6761871257735943, 0.9814579336804604
565, 0.9743589743589743, 0.6690901732932972, 0.9754247298002964
570, 0.9807692307692307, 0.6621544035013966, 0.9814579336804604
575, 0.9807692307692307, 0.6553121630301558, 0.9814579336804604
580, 0.9807692307692307, 0.6485839715158083, 0.9814579336804604
585, 0.9807692307692307, 0.6419984169891856, 0.9814579336804604
590, 0.9807692307692307, 0.6355089748350292, 0.9814579336804604
595, 0.9807692307692307, 0.6291881133021587, 0.9814579336804604
600, 0.9807692307692307, 0.622909805770987, 0.9814579336804604
605, 0.9743589743589743, 0.6167766290292602, 0.9754247298002964
610, 0.9807692307692307, 0.6107386720838327, 0.9814579336804604
615, 0.9807692307692307, 0.6048277544466649, 0.9814579336804604
620, 0.9807692307692307, 0.5990020978275445, 0.9814579336804604
625, 0.9807692307692307, 0.5933000867580146, 0.9814579336804604
630, 0.9807692307692307, 0.5876611286479696, 0.9814579336804604
635, 0.9807692307692307, 0.5821424506520327, 0.9814579336804604
640, 0.9807692307692307, 0.5767064498547336, 0.9814579336804604
645, 0.9807692307692307, 0.5713788452098916, 0.9814579336804604
650, 0.9807692307692307, 0.5661414923013961, 0.9814579336804604
655, 0.9807692307692307, 0.5609913251956414, 0.9814579336804604
660, 0.9807692307692307, 0.5559030695568509, 0.9814579336804604
665, 0.9807692307692307, 0.5509040733752922, 0.9814579336804604
670, 0.9807692307692307, 0.5460103391783663, 0.9814579336804604
675, 0.9807692307692307, 0.5411810865537998, 0.9814579336804604
680, 0.9807692307692307, 0.5364221594232166, 0.9814579336804604
685, 0.9807692307692307, 0.5317708013532088, 0.9814579336804604
690, 0.9807692307692307, 0.5271771011107732, 0.9814579336804604
695, 0.9807692307692307, 0.5226457119643476, 0.9814579336804604
0, 0.391025641025641, 2.0021679805087373, 0.8540706605222734
5, 0.391025641025641, 1.9506713619231262, 0.8540706605222734
10, 0.391025641025641, 1.92399637261482, 0.8540706605222734
15, 0.391025641025641, 1.9091148340083373, 0.8540706605222734
20, 0.391025641025641, 1.9002265027649707, 0.8540706605222734
25, 0.391025641025641, 1.8945987482468258, 0.8540706605222734
30, 0.391025641025641, 1.8901673945415025, 0.8540706605222734
35, 0.391025641025641, 1.886627340579177, 0.8540706605222734
40, 0.391025641025641, 1.8834793344394773, 0.8540706605222734
45, 0.391025641025641, 1.8805088139784396, 0.8540706605222734
50, 0.391025641025641, 1.877682328525916, 0.8540706605222734
55, 0.391025641025641, 1.874849657133534, 0.8540706605222734
60, 0.391025641025641, 1.8720707179363096, 0.8540706605222734
65, 0.391025641025641, 1.869204274423847, 0.8540706605222734
70, 0.391025641025641, 1.866302576854251, 0.8540706605222734
75, 0.391025641025641, 1.8633893185557264, 0.8540706605222734
80, 0.391025641025641, 1.8603596386656296, 0.8540706605222734
85, 0.391025641025641, 1.8573131223429793, 0.8540706605222734
90, 0.391025641025641, 1.8541308095992959, 0.8540706605222734
95, 0.391025641025641, 1.8508616628651258, 0.8540706605222734
100, 0.391025641025641, 1.8475084680015965, 0.8540706605222734
105, 0.391025641025641, 1.8440252709791474, 0.8540706605222734
110, 0.391025641025641, 1.8404278314716003, 0.8540706605222734
115, 0.391025641025641, 1.8366781218811177, 0.8540706605222734
120, 0.391025641025641, 1.832798937546079, 0.8540706605222734
125, 0.3974358974358974, 1.8287140086370748, 0.5344254510921177
130, 0.3974358974358974, 1.8245120857622903, 0.5344254510921177
135, 0.3974358974358974, 1.8200944462978226, 0.5344254510921177
140, 0.40384615384615385, 1.815477289258863, 0.5480558440059998
145, 0.41025641025641024, 1.8106526060454593, 0.5606202873808508
150, 0.40384615384615385, 1.805525322685988, 0.5668803418803419
155, 0.3974358974358974, 1.8002485090325102, 0.5551176792556103
160, 0.40384615384615385, 1.7946703837523974, 0.5668803418803419
165, 0.4166666666666667, 1.7887922279249033, 0.5957924836601307
170, 0.4358974358974359, 1.7826557370246816, 0.6252072968490879
175, 0.4807692307692308, 1.7761001271580772, 0.36718711091189804
180, 0.4807692307692308, 1.7693379532928577, 0.36718711091189804
185, 0.5128205128205128, 1.7621804540023867, 0.4191240512629091
190, 0.532051282051282, 1.7546037073913936, 0.4535111735111734
195, 0.5384615384615384, 1.7466482507113987, 0.46108509847640283
200, 0.5576923076923077, 1.738267605558051, 0.49340728507103776
205, 0.5576923076923077, 1.7295937885856245, 0.49340728507103776
210, 0.6089743589743589, 1.7203401758516357, 0.5660760428202288
215, 0.6794871794871795, 1.7106401168438954, 0.6555876108263848
220, 0.6987179487179487, 1.7004658639277888, 0.6837296539702731
225, 0.7115384615384616, 1.6898084315309239, 0.6976800976800978
230, 0.717948717948718, 1.678831297379512, 0.7039774157586219
235, 0.75, 1.6672381479196623, 0.7412988457794466
240, 0.782051282051282, 1.655105816514165, 0.7735186828354529
245, 0.7884615384615384, 1.642540972880898, 0.7794246815985947
250, 0.8076923076923077, 1.629522784886657, 0.8036685722802422
255, 0.8076923076923077, 1.6161697589499444, 0.8036685722802422
260, 0.8076923076923077, 1.6023319451318945, 0.8064525722851076
265, 0.8269230769230769, 1.5879534844939696, 0.82563258911085
270, 0.8397435897435898, 1.573259944213483, 0.8401135190918473
275, 0.8397435897435898, 1.5582403806532794, 0.8401135190918473
280, 0.8397435897435898, 1.5430064877310572, 0.8401135190918473
285, 0.8717948717948718, 1.5273616872461913, 0.8730166850132973
290, 0.8974358974358975, 1.511383575940398, 0.8964580406670565
295, 0.9294871794871795, 1.4951659023806512, 0.9321399291108029
300, 0.9230769230769231, 1.478881936106317, 0.9262371615312791
305, 0.9230769230769231, 1.462412699711599, 0.9262371615312791
310, 0.9487179487179487, 1.4457161927754385, 0.9511593692874669
315, 0.9487179487179487, 1.42898620242426, 0.9511593692874669
320, 0.9487179487179487, 1.411951427457293, 0.9509712509712509
325, 0.9487179487179487, 1.3951312998453922, 0.9509712509712509
330, 0.9487179487179487, 1.378142672593418, 0.9509712509712509
335, 0.9423076923076923, 1.3611175537260594, 0.9443231916794376
340, 0.9487179487179487, 1.3441400825407754, 0.9507629533053262
345, 0.9487179487179487, 1.326970195358186, 0.9507629533053262
350, 0.9487179487179487, 1.3101259296048484, 0.9507629533053262
355, 0.9487179487179487, 1.293207279246581, 0.9507629533053262
360, 0.9423076923076923, 1.27632136361893, 0.9441391941391942
365, 0.9423076923076923, 1.2596122089009483, 0.9441391941391942
370, 0.9487179487179487, 1.2428511667808935, 0.9501494673908467
375, 0.9487179487179487, 1.2264179805629927, 0.9501494673908467
380, 0.9487179487179487, 1.2100458247220978, 0.9501494673908467
385, 0.9487179487179487, 1.1937337259837029, 0.9501494673908467
390, 0.9487179487179487, 1.177629939987507, 0.9501494673908467
395, 0.9487179487179487, 1.1616666528985147, 0.9501494673908467
400, 0.9487179487179487, 1.1460587374299223, 0.9501494673908467
405, 0.9487179487179487, 1.1304281173290296, 0.9501494673908467
410, 0.9487179487179487, 1.115033343985148, 0.9501494673908467
415, 0.9487179487179487, 1.099846968458641, 0.9501494673908467
420, 0.9487179487179487, 1.0848840419512005, 0.9501494673908467
425, 0.9487179487179487, 1.0702173684602856, 0.9501494673908467
430, 0.9487179487179487, 1.0557297714107163, 0.9501494673908467
435, 0.9487179487179487, 1.041358443454753, 0.9501494673908467
440, 0.9487179487179487, 1.0272871965977197, 0.9501494673908467
445, 0.9487179487179487, 1.0134086582007853, 0.9501494673908467
450, 0.9487179487179487, 0.9998384615112196, 0.9501494673908467
455, 0.9487179487179487, 0.9865079782440294, 0.9501494673908467
460, 0.9487179487179487, 0.9733479555121235, 0.9501494673908467
465, 0.9487179487179487, 0.9603878023687125, 0.9501494673908467
470, 0.9487179487179487, 0.9476693849702773, 0.9501494673908467
475, 0.9487179487179487, 0.9352689024317409, 0.9501494673908467
480, 0.9487179487179487, 0.9230465936997609, 0.9501494673908467
485, 0.9487179487179487, 0.9110464353006105, 0.9501494673908467
490, 0.9487179487179487, 0.89922561953806, 0.9501494673908467
495, 0.9487179487179487, 0.8876851867928633, 0.9501494673908467
500, 0.9487179487179487, 0.8763411922383042, 0.9501494673908467
505, 0.9487179487179487, 0.8652325490526399, 0.9501494673908467
510, 0.9487179487179487, 0.8543334620489045, 0.9501494673908467
515, 0.9487179487179487, 0.8435887464420714, 0.9501494673908467
520, 0.9487179487179487, 0.8331544589803542, 0.9501494673908467
525, 0.9487179487179487, 0.8228222587040833, 0.9501494673908467
530, 0.9487179487179487, 0.8127307290060325, 0.9501494673908467
535, 0.9487179487179487, 0.8028401603375689, 0.9501494673908467
540, 0.9487179487179487, 0.7931368881510906, 0.9501494673908467
545, 0.9487179487179487, 0.783633124093797, 0.9501494673908467
550, 0.9487179487179487, 0.774276107771061, 0.9501494673908467
555, 0.9487179487179487, 0.7651294955780863, 0.9501494673908467
560, 0.9487179487179487, 0.7561484834994964, 0.9501494673908467
565, 0.9487179487179487, 0.7473503267618034, 0.9501494673908467
570, 0.9487179487179487, 0.7387302526534066, 0.9501494673908467
575, 0.9487179487179487, 0.7302688598135312, 0.9501494673908467
580, 0.9487179487179487, 0.7219619926438405, 0.9501494673908467
585, 0.9487179487179487, 0.7138219150020273, 0.9501494673908467
590, 0.9487179487179487, 0.7058328047334168, 0.9501494673908467
595, 0.9487179487179487, 0.6980387651610537, 0.9501494673908467
600, 0.9487179487179487, 0.6903131587474405, 0.9501494673908467
605, 0.9487179487179487, 0.6827924654140406, 0.9501494673908467
610, 0.9487179487179487, 0.6753738569366939, 0.9501494673908467
615, 0.9487179487179487, 0.6681371722489844, 0.9501494673908467
620, 0.9487179487179487, 0.6610058332023149, 0.9501494673908467
625, 0.9487179487179487, 0.6540411774641292, 0.9501494673908467
630, 0.9487179487179487, 0.6471677397213947, 0.9501494673908467
635, 0.9487179487179487, 0.6404396876925164, 0.9501494673908467
640, 0.9487179487179487, 0.6338027530073848, 0.9501494673908467
645, 0.9487179487179487, 0.6273224726540532, 0.9501494673908467
650, 0.9487179487179487, 0.6209676160220068, 0.9501494673908467
655, 0.9487179487179487, 0.6147461382685973, 0.9501494673908467
660, 0.9487179487179487, 0.6085731619249076, 0.9501494673908467
665, 0.9487179487179487, 0.6025038062296145, 0.9501494673908467
670, 0.9487179487179487, 0.5965969998426423, 0.9501494673908467
675, 0.9487179487179487, 0.5907740521359217, 0.9501494673908467
680, 0.9487179487179487, 0.5850669629493419, 0.9501494673908467
685, 0.9487179487179487, 0.5794577510545176, 0.9501494673908467
690, 0.9487179487179487, 0.5739136785820563, 0.9501494673908467
695, 0.9487179487179487, 0.5684779158641471, 0.9501494673908467
0, 0.28846153846153844, 2.4341540964734563, 0.49355753124597346
5, 0.2948717948717949, 2.1426541301956177, 0.5069248605627624
10, 0.3974358974358974, 1.9956416679791926, 0.3348329309731386
15, 0.532051282051282, 1.9214683331682567, 0.4992085937069756
20, 0.5769230769230769, 1.879698978071105, 0.579712456878502
25, 0.5448717948717948, 1.8542493759877101, 0.5107991636066912
30, 0.5128205128205128, 1.8375874886162824, 0.4499221025536815
35, 0.46153846153846156, 1.8250107790590806, 0.36214678178963894
40, 0.44871794871794873, 1.8151709826267093, 0.3299619960325648
45, 0.4358974358974359, 1.80640866790306, 0.3014347811876981
50, 0.42948717948717946, 1.7982159035826324, 0.29115857481232227
55, 0.42948717948717946, 1.790226462471997, 0.29115857481232227
60, 0.42948717948717946, 1.782323545544868, 0.29115857481232227
65, 0.4358974358974359, 1.7743112624047497, 0.3014347811876981
70, 0.46794871794871795, 1.7660870108267532, 0.3543771043771044
75, 0.4807692307692308, 1.7576679939062536, 0.3819253762110905
80, 0.4807692307692308, 1.7490177760423389, 0.3819253762110905
85, 0.48717948717948717, 1.740199082083302, 0.3949632067279126
90, 0.4935897435897436, 1.7310521081076986, 0.40397567448788
95, 0.5384615384615384, 1.721561890432341, 0.4745531351441321
100, 0.5769230769230769, 1.7117263028598257, 0.5342074289427601
105, 0.5833333333333334, 1.7017761607882051, 0.5443558720085305
110, 0.5897435897435898, 1.6915637370979233, 0.554218854961183
115, 0.6153846153846154, 1.6809505434746927, 0.5885509472606246
120, 0.6474358974358975, 1.6701872704657903, 0.6301149830561595
125, 0.6858974358974359, 1.6588763965712372, 0.6774038626462214
130, 0.6858974358974359, 1.6475947479887303, 0.6793650793650793
135, 0.7243589743589743, 1.6359896861222163, 0.7226104511219815
140, 0.7564102564102564, 1.624108961019983, 0.7580662057406243
145, 0.75, 1.6120795868251094, 0.7519434604788063
150, 0.7756410256410257, 1.5994785918710381, 0.7804417804417806
155, 0.7628205128205128, 1.587051817107025, 0.7672639347516195
160, 0.8076923076923077, 1.5743362086304766, 0.8122670807453417
165, 0.8269230769230769, 1.5613485438457526, 0.8325985646848045
170, 0.8333333333333334, 1.5483566215162914, 0.839105339105339
175, 0.8397435897435898, 1.53496114047642, 0.8451578370127201
180, 0.8397435897435898, 1.521710609469598, 0.8451578370127201
185, 0.8397435897435898, 1.5082982764494968, 0.8451578370127201
190, 0.8589743589743589, 1.4946858116086428, 0.8640815337763011
195, 0.8525641025641025, 1.4810393597950535, 0.8580143317616346
200, 0.8589743589743589, 1.467320931785439, 0.8635076252723312
205, 0.8717948717948718, 1.453753202342455, 0.8768426197458455
210, 0.8589743589743589, 1.4399635033737577, 0.8635076252723312
215, 0.8653846153846154, 1.426174843202987, 0.8697838109602817
220, 0.8653846153846154, 1.4124027882021808, 0.8697838109602817
225, 0.8717948717948718, 1.398658332427748, 0.8757906018067283
230, 0.8717948717948718, 1.3850517245930674, 0.8757906018067283
235, 0.8782051282051282, 1.3714310320233192, 0.8817663817663819
240, 0.8782051282051282, 1.357743730328245, 0.8817663817663819
245, 0.8846153846153846, 1.3441841472390805, 0.8880751931726444
250, 0.8846153846153846, 1.3307105136605635, 0.8880751931726444
255, 0.8846153846153846, 1.317347331313916, 0.8880751931726444
260, 0.8846153846153846, 1.3041275969879744, 0.8880751931726444
265, 0.9038461538461539, 1.2908623992406143, 0.9059756987770279
270, 0.8974358974358975, 1.2776769385947961, 0.9000307029537201
275, 0.8910256410256411, 1.2646658161181399, 0.894229115630551
280, 0.8910256410256411, 1.2517934837305096, 0.894229115630551
285, 0.9166666666666666, 1.2389847711069375, 0.9185735377463223
290, 0.9166666666666666, 1.2262791797424342, 0.9185735377463223
295, 0.9166666666666666, 1.2135385110043442, 0.9185735377463223
300, 0.9102564102564102, 1.201056476613758, 0.9125717519605465
305, 0.9102564102564102, 1.1886598041900265, 0.9125717519605465
310, 0.9102564102564102, 1.1763428901731179, 0.9125717519605465
315, 0.9102564102564102, 1.1642004672500188, 0.9125717519605465
320, 0.9102564102564102, 1.1519677561647532, 0.9125717519605465
325, 0.9102564102564102, 1.1400069052658446, 0.9125717519605465
330, 0.9102564102564102, 1.128094543560126, 0.9125717519605465
335, 0.9166666666666666, 1.1162818371720977, 0.9185735377463223
340, 0.9166666666666666, 1.1046070247567221, 0.9185735377463223
345, 0.9230769230769231, 1.0929026165734559, 0.9245577137497548
350, 0.9166666666666666, 1.081383348783954, 0.9185735377463223
355, 0.9166666666666666, 1.0699476248835846, 0.9185735377463223
360, 0.9230769230769231, 1.0586065245265739, 0.9245577137497548
365, 0.9230769230769231, 1.047381165348995, 0.9245577137497548
370, 0.9230769230769231, 1.036166440652612, 0.9245577137497548
375, 0.9294871794871795, 1.0250887168288414, 0.9312520152131363
380, 0.9294871794871795, 1.0141337714231384, 0.9312520152131363
385, 0.9294871794871795, 1.0032261856246867, 0.9312520152131363
390, 0.9358974358974359, 0.9924342935880345, 0.9373995557666385
395, 0.9358974358974359, 0.9816883359927225, 0.9373995557666385
400, 0.9358974358974359, 0.9710911351804804, 0.9373995557666385
405, 0.9358974358974359, 0.9605290841996865, 0.9373995557666385
410, 0.9358974358974359, 0.9501070512743802, 0.9373995557666385
415, 0.9358974358974359, 0.9397264477641554, 0.9373995557666385
420, 0.9358974358974359, 0.9294555330820964, 0.9373995557666385
425, 0.9358974358974359, 0.9192619944835179, 0.9373995557666385
430, 0.9358974358974359, 0.9092562724272543, 0.9373995557666385
435, 0.9358974358974359, 0.8992433339164373, 0.9373995557666385
440, 0.9358974358974359, 0.8893381905474167, 0.9373995557666385
445, 0.9358974358974359, 0.879510419598941, 0.9373995557666385
450, 0.9423076923076923, 0.8697948541809853, 0.9435472739820566
455, 0.9423076923076923, 0.860237727321061, 0.9435472739820566
460, 0.9358974358974359, 0.8507902688924486, 0.9373995557666385
465, 0.9423076923076923, 0.8413431951460604, 0.9435472739820566
470, 0.9423076923076923, 0.8319989743689609, 0.9435472739820566
475, 0.9487179487179487, 0.8228013961694609, 0.9496982278091725
480, 0.9423076923076923, 0.8137058188339008, 0.9435472739820566
485, 0.9423076923076923, 0.804731601577806, 0.9435472739820566
490, 0.9423076923076923, 0.7958461314252149, 0.9435472739820566
495, 0.9487179487179487, 0.7870333637815866, 0.9496982278091725
500, 0.9487179487179487, 0.7783135058722108, 0.9496982278091725
505, 0.9487179487179487, 0.7697775302976613, 0.9496982278091725
510, 0.9487179487179487, 0.7612849789953037, 0.9496982278091725
515, 0.9487179487179487, 0.7529297754572555, 0.9496982278091725
520, 0.9487179487179487, 0.7446873736731079, 0.9496982278091725
525, 0.9487179487179487, 0.7364907294398679, 0.9496982278091725
530, 0.9487179487179487, 0.7284577656168667, 0.9496982278091725
535, 0.9487179487179487, 0.7205062870273384, 0.9496982278091725
540, 0.9487179487179487, 0.7127160948977684, 0.9496982278091725
545, 0.9487179487179487, 0.7049767080095394, 0.9496982278091725
550, 0.9487179487179487, 0.6973306830789988, 0.9496982278091725
555, 0.9487179487179487, 0.6898480978705832, 0.9496982278091725
560, 0.9487179487179487, 0.6824191720799452, 0.9496982278091725
565, 0.9487179487179487, 0.6751282678925907, 0.9496982278091725
570, 0.9487179487179487, 0.6679255652476458, 0.9496982278091725
575, 0.9487179487179487, 0.6608249108867924, 0.9496982278091725
580, 0.9487179487179487, 0.6538568985642171, 0.9496982278091725
585, 0.9487179487179487, 0.6469633899056326, 0.9496982278091725
590, 0.9487179487179487, 0.6401710523084047, 0.9496982278091725
595, 0.9487179487179487, 0.6335093199448524, 0.9496982278091725
600, 0.9487179487179487, 0.626885536530874, 0.9496982278091725
605, 0.9487179487179487, 0.6204451916165721, 0.9496982278091725
610, 0.9487179487179487, 0.614028082846259, 0.9496982278091725
615, 0.9487179487179487, 0.6077470813031508, 0.9496982278091725
620, 0.9551282051282052, 0.6015385163025107, 0.955855488569714
625, 0.9487179487179487, 0.5954613873682119, 0.9496982278091725
630, 0.9487179487179487, 0.589467473480082, 0.9496982278091725
635, 0.9487179487179487, 0.5835446775515312, 0.9496982278091725
640, 0.9551282051282052, 0.5776992628015752, 0.955855488569714
645, 0.9615384615384616, 0.57197014059491, 0.9623530986045384
650, 0.9615384615384616, 0.5663353268756837, 0.9623530986045384
655, 0.9551282051282052, 0.5608388126322001, 0.9562474562474562
660, 0.9615384615384616, 0.5553272566550763, 0.9623530986045384
665, 0.9615384615384616, 0.5499126465671502, 0.9623530986045384
670, 0.9615384615384616, 0.544616434830313, 0.9623530986045384
675, 0.9615384615384616, 0.5393938257150999, 0.9623530986045384
680, 0.9615384615384616, 0.5342560248482502, 0.9623530986045384
685, 0.9615384615384616, 0.5292322242700572, 0.9623530986045384
690, 0.9615384615384616, 0.5242292419952447, 0.9623530986045384
695, 0.9615384615384616, 0.5193042583204226, 0.9623530986045384
0, 0.28205128205128205, 2.1101867226434394, 0.8133333333333334
5, 0.28205128205128205, 1.9677427184098486, 0.8133333333333334
10, 0.3974358974358974, 1.9024420366856492, 0.3937493952588292
15, 0.5512820512820513, 1.871942190203523, 0.5117918313570488
20, 0.5833333333333334, 1.8542202002938597, 0.47539520077144765
25, 0.5897435897435898, 1.8424384941690948, 0.802053817246438
30, 0.5961538461538461, 1.8334475293685397, 0.8075230092036815
35, 0.6025641025641025, 1.825512253371786, 0.8128253049576978
40, 0.5961538461538461, 1.818386036294906, 0.8089266694801149
45, 0.6153846153846154, 1.8113687572522492, 0.8249206349206349
50, 0.6153846153846154, 1.8043795225059456, 0.8249206349206349
55, 0.6217948717948718, 1.7973295451400577, 0.8303349072579841
60, 0.6217948717948718, 1.7902377513231067, 0.8303349072579841
65, 0.6217948717948718, 1.7829477419789321, 0.8303349072579841
70, 0.6217948717948718, 1.775448725862076, 0.8298323036187115
75, 0.6282051282051282, 1.7678513335521666, 0.8355555555555556
80, 0.6282051282051282, 1.7600761571636725, 0.8355555555555556
85, 0.6346153846153846, 1.7522165542160781, 0.8425770308123249
90, 0.6346153846153846, 1.744046232575425, 0.8403451995685005
95, 0.6410256410256411, 1.7357193290373714, 0.8453721075672295
100, 0.6410256410256411, 1.7272448237922833, 0.8448637316561843
105, 0.6410256410256411, 1.7186909468618432, 0.8468176914778857
110, 0.6410256410256411, 1.7099186286677475, 0.8462557211023469
115, 0.6410256410256411, 1.700961276607276, 0.8462557211023469
120, 0.6346153846153846, 1.6918873482406502, 0.8407485053187359
125, 0.6410256410256411, 1.6825385084553592, 0.8456299220216327
130, 0.6474358974358975, 1.6732630257760759, 0.8517823639774859
135, 0.6410256410256411, 1.6636601091827306, 0.8456299220216327
140, 0.6410256410256411, 1.6539485161462477, 0.8456299220216327
145, 0.6410256410256411, 1.6441311295832106, 0.8456299220216327
150, 0.6346153846153846, 1.6339929622625924, 0.8401234567901236
155, 0.6410256410256411, 1.6240060366002829, 0.8456299220216327
160, 0.6410256410256411, 1.6137150990156195, 0.8456299220216327
165, 0.6410256410256411, 1.6032774372735212, 0.8449406650895313
170, 0.6410256410256411, 1.592814094171798, 0.8449406650895313
175, 0.6410256410256411, 1.582075321904567, 0.8449406650895313
180, 0.6410256410256411, 1.57143785988405, 0.8449406650895313
185, 0.6410256410256411, 1.5605704717539541, 0.8449406650895313
190, 0.6410256410256411, 1.5495856841651567, 0.8449406650895313
195, 0.6538461538461539, 1.5385640200072697, 0.5433702829529546
200, 0.6474358974358975, 1.527385191587982, 0.5378433161041857
205, 0.6538461538461539, 1.5163140167544713, 0.5433702829529546
210, 0.6538461538461539, 1.5049682673054978, 0.55281712110813
215, 0.6602564102564102, 1.4935852986549818, 0.5672438672438672
220, 0.6666666666666666, 1.4821970393167785, 0.5811585240156669
225, 0.6923076923076923, 1.470716160758104, 0.6323045575419894
230, 0.6923076923076923, 1.4592927302757943, 0.6323045575419894
235, 0.7115384615384616, 1.4477712076732996, 0.6605043399563947
240, 0.7692307692307693, 1.4361211642166478, 0.7508028101093794
245, 0.782051282051282, 1.4245373214084167, 0.7683683683683684
250, 0.8012820512820513, 1.4128933382879352, 0.7941546884338647
255, 0.8205128205128205, 1.4013036063216666, 0.8177674177674178
260, 0.8269230769230769, 1.3897016964267523, 0.8253757710909669
265, 0.8333333333333334, 1.3779531288298996, 0.8328649672399674
270, 0.8653846153846154, 1.3662588932319129, 0.8687511109863689
275, 0.8653846153846154, 1.3545954971381438, 0.8687511109863689
280, 0.8653846153846154, 1.3429619651545144, 0.8687511109863689
285, 0.8717948717948718, 1.3312641223959798, 0.8756582215598608
290, 0.8910256410256411, 1.319544795725841, 0.8959369947321756
295, 0.8974358974358975, 1.30776932926215, 0.9025656076503535
300, 0.8974358974358975, 1.296102129264937, 0.9025656076503535
305, 0.8974358974358975, 1.284428097795688, 0.9025656076503535
310, 0.9038461538461539, 1.2726884809693317, 0.9086638498932352
315, 0.9038461538461539, 1.2610448191556292, 0.9086638498932352
320, 0.9038461538461539, 1.249223202805543, 0.9086638498932352
325, 0.9102564102564102, 1.2375788095149995, 0.9146367183380787
330, 0.9166666666666666, 1.2258505285936847, 0.9211039392730657
335, 0.9166666666666666, 1.2141146888346483, 0.9211039392730657
340, 0.9166666666666666, 1.2024786915428411, 0.9211039392730657
345, 0.9166666666666666, 1.1906443820967805, 0.9211039392730657
350, 0.9230769230769231, 1.178944832797783, 0.9270772862726885
355, 0.9230769230769231, 1.167229714421488, 0.9270772862726885
360, 0.9230769230769231, 1.1554560627216126, 0.9270772862726885
365, 0.9294871794871795, 1.1438061425786294, 0.933047827907641
370, 0.9230769230769231, 1.131995854408987, 0.9266406757634829
375, 0.9358974358974359, 1.1203043687972136, 0.9394816662864619
380, 0.9294871794871795, 1.108656435897844, 0.932671151444008
385, 0.9358974358974359, 1.0969066339004665, 0.9386614684860298
390, 0.9294871794871795, 1.0852212180216152, 0.932671151444008
395, 0.9294871794871795, 1.0735383781876127, 0.9318712534051768
400, 0.9358974358974359, 1.0619647360692184, 0.938699727704282
405, 0.9423076923076923, 1.0503353037582788, 0.944698782488299
410, 0.9294871794871795, 1.0387305483296134, 0.9312520152131363
415, 0.9294871794871795, 1.0271656570471468, 0.9312520152131363
420, 0.9294871794871795, 1.0156190068717303, 0.9312520152131363
425, 0.9230769230769231, 1.0041842285500406, 0.9252622943741636
430, 0.9294871794871795, 0.9928014574484718, 0.9312520152131363
435, 0.9294871794871795, 0.9813937338948441, 0.9312520152131363
440, 0.9294871794871795, 0.9700973303264138, 0.9312520152131363
445, 0.9294871794871795, 0.9587804354372397, 0.9312520152131363
450, 0.9294871794871795, 0.9475984707103131, 0.9312520152131363
455, 0.9294871794871795, 0.936530680107102, 0.9312520152131363
460, 0.9294871794871795, 0.92559283359775, 0.9312520152131363
465, 0.9294871794871795, 0.9145723741219783, 0.9312520152131363
470, 0.9294871794871795, 0.9036572092198779, 0.9312520152131363
475, 0.9294871794871795, 0.8928847648673991, 0.9312520152131363
480, 0.9294871794871795, 0.8822799057574755, 0.9312520152131363
485, 0.9294871794871795, 0.871760883765962, 0.9312520152131363
490, 0.9294871794871795, 0.8612512210174254, 0.9312520152131363
495, 0.9294871794871795, 0.8508388202091033, 0.9312520152131363
500, 0.9294871794871795, 0.8406024746877555, 0.9312520152131363
505, 0.9294871794871795, 0.8305000739706807, 0.9312520152131363
510, 0.9358974358974359, 0.8205266837093615, 0.9373995557666385
515, 0.9358974358974359, 0.8106153722389363, 0.9373995557666385
520, 0.9423076923076923, 0.8008029038566635, 0.9435472739820566
525, 0.9423076923076923, 0.7911768940691626, 0.9435472739820566
530, 0.9423076923076923, 0.7816743074702612, 0.9435472739820566
535, 0.9423076923076923, 0.7723103775002668, 0.9435472739820566
540, 0.9423076923076923, 0.7630739852531612, 0.9435472739820566
545, 0.9487179487179487, 0.7538647897969111, 0.9496982278091725
550, 0.9487179487179487, 0.7448811468420671, 0.9496982278091725
555, 0.9487179487179487, 0.7360377286934032, 0.9496982278091725
560, 0.9487179487179487, 0.7273046027012395, 0.9496982278091725
565, 0.9487179487179487, 0.7187059376805132, 0.9496982278091725
570, 0.9551282051282052, 0.7102028029829018, 0.955855488569714
575, 0.9551282051282052, 0.7019029414809379, 0.955855488569714
580, 0.9551282051282052, 0.6936948459741109, 0.955855488569714
585, 0.9551282051282052, 0.6856038277985755, 0.955855488569714
590, 0.9551282051282052, 0.6776664901683548, 0.955855488569714
595, 0.9615384615384616, 0.669876428153333, 0.9620221461220204
600, 0.9615384615384616, 0.6621593756286213, 0.9620221461220204
605, 0.9615384615384616, 0.654636168649702, 0.9620221461220204
610, 0.9615384615384616, 0.6471664506504115, 0.9620221461220204
615, 0.9615384615384616, 0.6398642405174463, 0.9620221461220204
620, 0.9615384615384616, 0.632681308694578, 0.9620221461220204
625, 0.9615384615384616, 0.6256181324716091, 0.9620221461220204
630, 0.9615384615384616, 0.618693873481045, 0.9620221461220204
635, 0.9615384615384616, 0.6118561163979639, 0.9620221461220204
640, 0.9615384615384616, 0.6051149666032943, 0.9620221461220204
645, 0.9615384615384616, 0.5985246017650383, 0.9620221461220204
650, 0.9615384615384616, 0.5920426088297336, 0.9620221461220204
655, 0.9615384615384616, 0.5857611197338909, 0.9620221461220204
660, 0.9615384615384616, 0.5794343640092317, 0.9620221461220204
665, 0.9615384615384616, 0.5732426492137238, 0.9620221461220204
670, 0.9615384615384616, 0.5671950724087707, 0.9620221461220204
675, 0.9615384615384616, 0.5612712710710062, 0.9620221461220204
680, 0.9615384615384616, 0.5554596221918449, 0.9620221461220204
685, 0.9615384615384616, 0.5497134723918725, 0.9620221461220204
690, 0.9615384615384616, 0.5440371752614792, 0.9620221461220204
695, 0.9615384615384616, 0.5384852457752849, 0.9620221461220204
0, 0.3333333333333333, 2.2954392127023087, 0.5136797454931071
5, 0.3333333333333333, 2.0396065087257744, 0.5136797454931071
10, 0.3333333333333333, 1.9346428222686127, 0.5136797454931071
15, 0.3333333333333333, 1.8944551668319944, 0.5136797454931071
20, 0.3782051282051282, 1.8749137750495788, 0.26010678871090764
25, 0.4358974358974359, 1.8635070377310432, 0.3289855072463768
30, 0.41025641025641024, 1.856272359711408, 0.5604015230183454
35, 0.391025641025641, 1.8499147374627676, 0.8540706605222734
40, 0.391025641025641, 1.8444252790281184, 0.8540706605222734
45, 0.391025641025641, 1.8389558512142106, 0.8540706605222734
50, 0.391025641025641, 1.8333164217089746, 0.8540706605222734
55, 0.391025641025641, 1.8274996390583715, 0.8540706605222734
60, 0.391025641025641, 1.8215346445004992, 0.8540706605222734
65, 0.391025641025641, 1.8153635785109243, 0.8540706605222734
70, 0.391025641025641, 1.808970741410587, 0.8540706605222734
75, 0.391025641025641, 1.8022335997860794, 0.8540706605222734
80, 0.391025641025641, 1.7952525175728085, 0.8540706605222734
85, 0.391025641025641, 1.7880816413274754, 0.8540706605222734
90, 0.3974358974358974, 1.7806111483110958, 0.5344254510921177
95, 0.40384615384615385, 1.772845042041767, 0.5476378528594413
100, 0.41025641025641024, 1.7647455564651249, 0.5604015230183454
105, 0.40384615384615385, 1.7564365305857348, 0.5476378528594413
110, 0.4166666666666667, 1.7478693968994439, 0.5727414995020629
115, 0.46794871794871795, 1.7389691904827487, 0.3409271752291991
120, 0.4807692307692308, 1.7299016751772842, 0.3611611686067937
125, 0.5512820512820513, 1.7203565871632354, 0.47275793650793646
130, 0.5128205128205128, 1.7107197086015686, 0.42080387205387204
135, 0.5961538461538461, 1.7007324168320643, 0.5402345741968384
140, 0.6217948717948718, 1.6905002553666322, 0.577309295337792
145, 0.6282051282051282, 1.6801088690458352, 0.5843674843674843
150, 0.7051282051282052, 1.6691744780045012, 0.6900352733686067
155, 0.6923076923076923, 1.6582789100600472, 0.6765608071639345
160, 0.7307692307692307, 1.647025888680988, 0.718205574912892
165, 0.8012820512820513, 1.63551850175104, 0.7941296176590295
170, 0.8141025641025641, 1.62393177191573, 0.8099750139485239
175, 0.8461538461538461, 1.6119222339051997, 0.8459105323310206
180, 0.8397435897435898, 1.599926622978426, 0.8399545542402685
185, 0.8717948717948718, 1.5876640424016124, 0.8731829573934838
190, 0.8846153846153846, 1.575201619459984, 0.8848477086935178
195, 0.8974358974358975, 1.562617800932127, 0.898754647363317
200, 0.9038461538461539, 1.5498566318649505, 0.905503658135237
205, 0.8974358974358975, 1.537156825361436, 0.8986552978617969
210, 0.9102564102564102, 1.5241233420904767, 0.9113131313131313
215, 0.9230769230769231, 1.5110388443011726, 0.924751912960306
220, 0.9358974358974359, 1.4979127426406882, 0.9380641145347027
225, 0.9487179487179487, 1.4846980211989191, 0.9509584757897199
230, 0.9487179487179487, 1.4715504681876634, 0.9509584757897199
235, 0.9487179487179487, 1.4582630940654897, 0.9509584757897199
240, 0.9487179487179487, 1.4448998354528986, 0.9509584757897199
245, 0.9487179487179487, 1.4315964417082523, 0.9509584757897199
250, 0.9423076923076923, 1.4182911117906245, 0.9443628133768134
255, 0.9423076923076923, 1.4050591827666454, 0.9443628133768134
260, 0.9423076923076923, 1.3918641298545347, 0.9443628133768134
265, 0.9487179487179487, 1.3785690103689343, 0.9503605929481352
270, 0.9487179487179487, 1.3653763421984195, 0.9503605929481352
275, 0.9487179487179487, 1.3522832890860739, 0.9503605929481352
280, 0.9487179487179487, 1.33930069067102, 0.9503605929481352
285, 0.9423076923076923, 1.3263335323135166, 0.9443231916794376
290, 0.9423076923076923, 1.3133970210311656, 0.9442550947744928
295, 0.9487179487179487, 1.300518362746302, 0.9507361623171643
300, 0.9487179487179487, 1.2878473891570263, 0.9507629533053262
305, 0.9487179487179487, 1.2752312289127312, 0.9507629533053262
310, 0.9487179487179487, 1.2626725831423093, 0.9507629533053262
315, 0.9487179487179487, 1.2503033422061356, 0.9507629533053262
320, 0.9487179487179487, 1.2378727072327544, 0.9507361623171643
325, 0.9487179487179487, 1.2257401871352172, 0.9507629533053262
330, 0.9487179487179487, 1.213590580353811, 0.9507629533053262
335, 0.9487179487179487, 1.2015883865393044, 0.9507361623171643
340, 0.9487179487179487, 1.1897408333080843, 0.9507629533053262
345, 0.9487179487179487, 1.1778736961735181, 0.9507361623171643
350, 0.9487179487179487, 1.1662566876541878, 0.9507629533053262
355, 0.9487179487179487, 1.154670709162962, 0.9507629533053262
360, 0.9487179487179487, 1.1432022755496276, 0.9507361623171643
365, 0.9487179487179487, 1.1318960000618883, 0.9507629533053262
370, 0.9487179487179487, 1.1206390466988105, 0.9507361623171643
375, 0.9487179487179487, 1.1095600409184905, 0.9507629533053262
380, 0.9487179487179487, 1.0985745799585949, 0.9507629533053262
385, 0.9487179487179487, 1.0876521667603805, 0.9507629533053262
390, 0.9487179487179487, 1.0768672179479089, 0.9507629533053262
395, 0.9487179487179487, 1.0661882583348974, 0.9507629533053262
400, 0.9487179487179487, 1.0556927552013118, 0.9507629533053262
405, 0.9487179487179487, 1.0452007714479001, 0.9507629533053262
410, 0.9487179487179487, 1.0348411837448548, 0.9507629533053262
415, 0.9487179487179487, 1.0245743732976256, 0.9507629533053262
420, 0.9423076923076923, 1.0144454470357853, 0.9441391941391942
425, 0.9487179487179487, 1.0044218944428103, 0.9507629533053262
430, 0.9487179487179487, 0.9945376132776473, 0.9507629533053262
435, 0.9487179487179487, 0.984658921397569, 0.9507629533053262
440, 0.9423076923076923, 0.9749202896647443, 0.9441391941391942
445, 0.9423076923076923, 0.9652606484297623, 0.9441391941391942
450, 0.9487179487179487, 0.9557402673653923, 0.9507629533053262
455, 0.9487179487179487, 0.9463396031535956, 0.9507629533053262
460, 0.9423076923076923, 0.9370346496564546, 0.9441391941391942
465, 0.9423076923076923, 0.9277534846269251, 0.9441391941391942
470, 0.9487179487179487, 0.9185693251092308, 0.950230889181029
475, 0.9551282051282052, 0.9095437621560819, 0.9568035196818748
480, 0.9487179487179487, 0.900607652363184, 0.9507629533053262
485, 0.9487179487179487, 0.8917507881210418, 0.9507629533053262
490, 0.9423076923076923, 0.8829766137784262, 0.9441391941391942
495, 0.9487179487179487, 0.8742774177583578, 0.950230889181029
500, 0.9551282051282052, 0.8656802395437487, 0.9568035196818748
505, 0.9551282051282052, 0.8572227027060941, 0.9568035196818748
510, 0.9551282051282052, 0.8488012154523542, 0.9568035196818748
515, 0.9487179487179487, 0.840489335711203, 0.950230889181029
520, 0.9487179487179487, 0.8322846367924899, 0.950230889181029
525, 0.9487179487179487, 0.8241157679907062, 0.950230889181029
530, 0.9551282051282052, 0.8160867978778127, 0.9568035196818748
535, 0.9551282051282052, 0.8081067281389449, 0.9568035196818748
540, 0.9487179487179487, 0.8002696471632972, 0.950230889181029
545, 0.9487179487179487, 0.792455481548303, 0.950230889181029
550, 0.9551282051282052, 0.7847367215859038, 0.9568035196818748
555, 0.9487179487179487, 0.7771389820184041, 0.950230889181029
560, 0.9487179487179487, 0.7695812312888949, 0.950230889181029
565, 0.9487179487179487, 0.7621449010026368, 0.950230889181029
570, 0.9487179487179487, 0.7547702977282492, 0.950230889181029
575, 0.9551282051282052, 0.7474967785207793, 0.9568035196818748
580, 0.9487179487179487, 0.7402979850307914, 0.950230889181029
585, 0.9487179487179487, 0.733168966938148, 0.950230889181029
590, 0.9487179487179487, 0.7261195958645434, 0.950230889181029
595, 0.9551282051282052, 0.7191877480496821, 0.9568035196818748
600, 0.9551282051282052, 0.7122861273395369, 0.9568035196818748
605, 0.9487179487179487, 0.7055086477452276, 0.950230889181029
610, 0.9551282051282052, 0.6987578412843439, 0.9568035196818748
615, 0.9487179487179487, 0.6921190165187935, 0.950230889181029
620, 0.9551282051282052, 0.6855428701445346, 0.9568035196818748
625, 0.9551282051282052, 0.6791013962416483, 0.9568035196818748
630, 0.9551282051282052, 0.6726730676494632, 0.9568035196818748
635, 0.9487179487179487, 0.6663277139513004, 0.950230889181029
640, 0.9551282051282052, 0.6600379127621347, 0.9563312504488976
645, 0.9615384615384616, 0.6538603428839552, 0.9628540305010893
650, 0.9615384615384616, 0.6477693411667454, 0.9628540305010893
655, 0.9615384615384616, 0.6417701882882267, 0.9628540305010893
660, 0.9551282051282052, 0.6357685390798751, 0.9563312504488976
665, 0.9615384615384616, 0.6298386309183261, 0.9628540305010893
670, 0.967948717948718, 0.6240286167739136, 0.968917497810387
675, 0.9615384615384616, 0.6182902402184814, 0.9628540305010893
680, 0.9615384615384616, 0.6126159753816703, 0.9628540305010893
685, 0.9615384615384616, 0.6070186946875892, 0.9623530986045384
690, 0.967948717948718, 0.601447308941755, 0.968917497810387
695, 0.967948717948718, 0.5959610522317688, 0.968917497810387
0, 0.38461538461538464, 2.12893368525345, 0.5238095238095237
5, 0.391025641025641, 1.9723647974780956, 0.5469771241830066
10, 0.38461538461538464, 1.9170691527814945, 0.5321291735084839
15, 0.3974358974358974, 1.892330223584752, 0.5561363216388163
20, 0.3974358974358974, 1.8789935123451427, 0.5561363216388163
25, 0.3974358974358974, 1.8693766713748208, 0.5551176792556103
30, 0.40384615384615385, 1.8611082392002845, 0.5667288405914632
35, 0.40384615384615385, 1.8534295282380804, 0.5666119321291735
40, 0.42948717948717946, 1.8457378487136322, 0.6107811303819857
45, 0.47435897435897434, 1.8380117625113606, 0.6770588235294118
50, 0.4807692307692308, 1.830277589216601, 0.685577646687544
55, 0.5, 1.822506781885761, 0.7099395313681028
60, 0.5, 1.8147335150811166, 0.7099395313681028
65, 0.5064102564102564, 1.8067788436754277, 0.717691136869219
70, 0.5769230769230769, 1.7986001480077833, 0.7931331953071084
75, 0.5576923076923077, 1.7903007872528929, 0.774124689157369
80, 0.5576923076923077, 1.781916494301135, 0.774124689157369
85, 0.5641025641025641, 1.773465440837824, 0.7805752251070898
90, 0.6025641025641025, 1.7646910936342788, 0.817003367003367
95, 0.6282051282051282, 1.7557071941184144, 0.8392434988179668
100, 0.6346153846153846, 1.7465483663161279, 0.844559375316905
105, 0.6282051282051282, 1.737286845320001, 0.8392434988179668
110, 0.6346153846153846, 1.72782979385492, 0.844559375316905
115, 0.6410256410256411, 1.7180784626541015, 0.8498062015503876
120, 0.6538461538461539, 1.7081990598625298, 0.8601040416166467
125, 0.6730769230769231, 1.6979531296982577, 0.5530184076291861
130, 0.6538461538461539, 1.6877112754829984, 0.5377984412550816
135, 0.6730769230769231, 1.6771191635132499, 0.5530184076291861
140, 0.6794871794871795, 1.666323115051104, 0.5579775648247556
145, 0.6794871794871795, 1.6553794554911208, 0.5579775648247556
150, 0.7243589743589743, 1.6440128836440369, 0.648415340979159
155, 0.7115384615384616, 1.632699661112609, 0.6303966545722895
160, 0.717948717948718, 1.621051890666858, 0.6434009577428331
165, 0.7756410256410257, 1.6091534345622596, 0.7392876557964078
170, 0.7948717948717948, 1.5971902316445956, 0.7685351385541138
175, 0.8205128205128205, 1.5848795109694553, 0.8010552374630046
180, 0.8141025641025641, 1.5725775465479483, 0.7921521035598705
185, 0.8461538461538461, 1.5600215124297008, 0.8348884734701535
190, 0.8717948717948718, 1.5472384288414935, 0.8640858052622759
195, 0.8846153846153846, 1.5343948828782563, 0.879340304713439
200, 0.9294871794871795, 1.5213373360824052, 0.9282714660667417
205, 0.8910256410256411, 1.5083329498885472, 0.8867951931109825
210, 0.9358974358974359, 1.4949975264157125, 0.9352145796590241
215, 0.9487179487179487, 1.4815841091004687, 0.9488904928469638
220, 0.9551282051282052, 1.4681253155247649, 0.9556329849012775
225, 0.9423076923076923, 1.4545369704644624, 0.9430201520807917
230, 0.9487179487179487, 1.4409842298996527, 0.9490104238416678
235, 0.9423076923076923, 1.4273066458017292, 0.9430201520807917
240, 0.9487179487179487, 1.4134795959079691, 0.9496709984397865
245, 0.9487179487179487, 1.3996881733923596, 0.9496709984397865
250, 0.9487179487179487, 1.3858170601638873, 0.9496709984397865
255, 0.9551282051282052, 1.3720071025973877, 0.9557168321874204
260, 0.9487179487179487, 1.3581754876547039, 0.9496709984397865
265, 0.9423076923076923, 1.3442719428579766, 0.9430537662464734
270, 0.9487179487179487, 1.3303282166881019, 0.9496180630858575
275, 0.9487179487179487, 1.316418430440163, 0.9496180630858575
280, 0.9551282051282052, 1.3026072443112364, 0.9557183557183557
285, 0.9487179487179487, 1.2887475872650493, 0.9496180630858575
290, 0.9487179487179487, 1.2749269903694183, 0.9496180630858575
295, 0.9551282051282052, 1.2610590834497795, 0.956142517586324
300, 0.9615384615384616, 1.247300852232475, 0.9622458001768347
305, 0.9615384615384616, 1.2335978110316923, 0.9622458001768347
310, 0.9551282051282052, 1.2199118283677808, 0.956142517586324
315, 0.9615384615384616, 1.2063720220707583, 0.9622458001768347
320, 0.9551282051282052, 1.192713005445275, 0.956142517586324
325, 0.9615384615384616, 1.1792736853945083, 0.9622458001768347
330, 0.9615384615384616, 1.1658268349020415, 0.9622458001768347
335, 0.9615384615384616, 1.152472768024819, 0.9622458001768347
340, 0.9615384615384616, 1.139272426092757, 0.9622458001768347
345, 0.9615384615384616, 1.1260104553283967, 0.9622458001768347
350, 0.9551282051282052, 1.1129038533005111, 0.9562474562474562
355, 0.9615384615384616, 1.099880755465013, 0.9622458001768347
360, 0.9615384615384616, 1.0869543648565367, 0.9622458001768347
365, 0.9615384615384616, 1.0741766273956075, 0.9622458001768347
370, 0.9615384615384616, 1.0614034128292074, 0.9622458001768347
375, 0.9551282051282052, 1.048786727998302, 0.9562474562474562
380, 0.9615384615384616, 1.0363229247703474, 0.9622458001768347
385, 0.9615384615384616, 1.0239085662311977, 0.9622458001768347
390, 0.967948717948718, 1.0116425644216251, 0.9683557183557183
395, 0.967948717948718, 0.9994631384362975, 0.9683557183557183
400, 0.9615384615384616, 0.9874820510380183, 0.9623530986045384
405, 0.967948717948718, 0.9755391604556178, 0.9683557183557183
410, 0.967948717948718, 0.9637820291596285, 0.9683557183557183
415, 0.967948717948718, 0.9521055109516985, 0.9683557183557183
420, 0.967948717948718, 0.9405779072079847, 0.9683557183557183
425, 0.9615384615384616, 0.9291990340140844, 0.9623530986045384
430, 0.967948717948718, 0.9179909333253201, 0.9683557183557183
435, 0.967948717948718, 0.9068771767374084, 0.9683557183557183
440, 0.967948717948718, 0.8959055888988187, 0.9683557183557183
445, 0.9615384615384616, 0.8850291320754571, 0.9623530986045384
450, 0.9615384615384616, 0.8743413240543887, 0.9623530986045384
455, 0.9615384615384616, 0.8638394763739486, 0.9623530986045384
460, 0.967948717948718, 0.8535426509840759, 0.9683557183557183
465, 0.9615384615384616, 0.8432128337776351, 0.9623530986045384
470, 0.9615384615384616, 0.8330546908607027, 0.9623530986045384
475, 0.9615384615384616, 0.8231040055922728, 0.9623530986045384
480, 0.9615384615384616, 0.8133229569487318, 0.9623530986045384
485, 0.9615384615384616, 0.8037044585445564, 0.9623530986045384
490, 0.9615384615384616, 0.7941633005941477, 0.9623530986045384
495, 0.9615384615384616, 0.7847464533376678, 0.9623530986045384
500, 0.9615384615384616, 0.7755119840920681, 0.9623530986045384
505, 0.9615384615384616, 0.7664542183020439, 0.9623530986045384
510, 0.9615384615384616, 0.7575402243704964, 0.9623530986045384
515, 0.9615384615384616, 0.7487324775916377, 0.9623530986045384
520, 0.9615384615384616, 0.7400705485620198, 0.9623530986045384
525, 0.9615384615384616, 0.7315471023408612, 0.9623530986045384
530, 0.9615384615384616, 0.7231944330711927, 0.9623530986045384
535, 0.9615384615384616, 0.7149744504164812, 0.9623530986045384
540, 0.9615384615384616, 0.7069083981124465, 0.9623530986045384
545, 0.9615384615384616, 0.6989003041912077, 0.9623530986045384
550, 0.9615384615384616, 0.6910705488809159, 0.9623530986045384
555, 0.9615384615384616, 0.6834111625348701, 0.9623530986045384
560, 0.9615384615384616, 0.6758420113065673, 0.9623530986045384
565, 0.9615384615384616, 0.6684256891338501, 0.9623530986045384
570, 0.9615384615384616, 0.6610940926099647, 0.9623530986045384
575, 0.9615384615384616, 0.6539338699963749, 0.9623530986045384
580, 0.9615384615384616, 0.6468973857336989, 0.9623530986045384
585, 0.9615384615384616, 0.6399587290184129, 0.9623530986045384
590, 0.9615384615384616, 0.6331552853818355, 0.9623530986045384
595, 0.967948717948718, 0.6264798582315689, 0.9684694390576744
600, 0.9615384615384616, 0.6198733840800107, 0.9623530986045384
605, 0.9615384615384616, 0.6134555166738992, 0.9623530986045384
610, 0.967948717948718, 0.6070746155838004, 0.9684694390576744
615, 0.967948717948718, 0.6008547658958556, 0.9684694390576744
620, 0.967948717948718, 0.5947176928124661, 0.9684694390576744
625, 0.967948717948718, 0.5886961561981469, 0.9684694390576744
630, 0.967948717948718, 0.5827987014866468, 0.9684694390576744
635, 0.967948717948718, 0.576974760970619, 0.9684694390576744
640, 0.967948717948718, 0.5712388317807466, 0.9684694390576744
645, 0.967948717948718, 0.5656289089403248, 0.9684694390576744
650, 0.967948717948718, 0.5601091488038324, 0.9684694390576744
655, 0.967948717948718, 0.5547510351818211, 0.9684694390576744
660, 0.967948717948718, 0.5493652693529294, 0.9684694390576744
665, 0.967948717948718, 0.5440914657847156, 0.9684694390576744
670, 0.967948717948718, 0.5389493880986499, 0.9684694390576744
675, 0.967948717948718, 0.533886056028754, 0.9684694390576744
680, 0.967948717948718, 0.528925392003232, 0.9684694390576744
685, 0.967948717948718, 0.5240319191634557, 0.9684694390576744
690, 0.967948717948718, 0.5191914032614415, 0.9684694390576744
695, 0.967948717948718, 0.5144555297105722, 0.9684694390576744
