0, 0.391025641025641, 2.0329097490332084, 0.6468253968253969
5, 0.5705128205128205, 1.9306073424371528, 0.5021981014628073
10, 0.6025641025641025, 1.882488001459022, 0.5776098282246831
15, 0.5448717948717948, 1.8589118691412647, 0.43562703962703964
20, 0.5384615384615384, 1.8460758302151423, 0.4336330638508497
25, 0.5064102564102564, 1.8370337013111606, 0.7294727744165946
30, 0.4935897435897436, 1.8300842713111911, 0.7153804050355775
35, 0.46153846153846156, 1.8238562792489035, 0.6756611625721574
40, 0.46794871794871795, 1.8180863002798275, 0.6801497113997114
45, 0.532051282051282, 1.8124045902051211, 0.750561797752809
50, 0.5192307692307693, 1.8064914736251496, 0.738032082859669
55, 0.5, 1.8003898774605722, 0.7176692058488748
60, 0.5192307692307693, 1.7940295105961508, 0.7362288596147994
65, 0.5512820512820513, 1.787394329741908, 0.7678046761845644
70, 0.5833333333333334, 1.780492109859677, 0.7971082822567971
75, 0.5769230769230769, 1.7732795294057366, 0.4688580357883674
80, 0.5641025641025641, 1.7657714410646734, 0.45818106155184807
85, 0.5897435897435898, 1.7579203621822006, 0.47972914419522267
90, 0.6089743589743589, 1.7496510268156082, 0.49610389610389616
95, 0.6538461538461539, 1.74112941334913, 0.5505489679402723
100, 0.6666666666666666, 1.7321844681551233, 0.5815738244983527
105, 0.6602564102564102, 1.7229640913879105, 0.5851978243931725
110, 0.6923076923076923, 1.7133370497361933, 0.6261414040154508
115, 0.717948717948718, 1.7032260264431334, 0.6670479561280246
120, 0.7371794871794872, 1.6928620466264506, 0.6974013487171381
125, 0.7628205128205128, 1.68206009606194, 0.7373905521446504
130, 0.7628205128205128, 1.6709896974909226, 0.7377042119362791
135, 0.7756410256410257, 1.6595359546940898, 0.7515821693125012
140, 0.7948717948717948, 1.647630131269815, 0.782339915673249
145, 0.8012820512820513, 1.6355927549107139, 0.7934385875562345
150, 0.8397435897435898, 1.6231543664522614, 0.8363506863506863
155, 0.8397435897435898, 1.6104875638098206, 0.8363506863506863
160, 0.8525641025641025, 1.5976307552876938, 0.8496018664423843
165, 0.8653846153846154, 1.5843927104632376, 0.8676068192197223
170, 0.8782051282051282, 1.571183958466085, 0.8789891693117499
175, 0.8974358974358975, 1.5576813359890407, 0.8991591852114743
180, 0.9166666666666666, 1.544082411087231, 0.9176292834890966
185, 0.9294871794871795, 1.5303959821377087, 0.931700884263864
190, 0.9423076923076923, 1.5165195978446495, 0.9443228571779473
195, 0.9423076923076923, 1.5026856680921925, 0.9442870301490934
200, 0.9423076923076923, 1.488744050556324, 0.9442242086626074
205, 0.9423076923076923, 1.4747286043269539, 0.9442242086626074
210, 0.9423076923076923, 1.4607164441643958, 0.9442242086626074
215, 0.9615384615384616, 1.446553601699472, 0.9627130633927576
220, 0.9615384615384616, 1.432469238012968, 0.9627130633927576
225, 0.9615384615384616, 1.4183207359110612, 0.9627130633927576
230, 0.9487179487179487, 1.4041807523953116, 0.9508710801393728
235, 0.9487179487179487, 1.3900220801060532, 0.9508710801393728
240, 0.967948717948718, 1.3758537704437432, 0.969390996273899
245, 0.967948717948718, 1.3616422129051169, 0.969390996273899
250, 0.9615384615384616, 1.347491139677478, 0.9634364021610516
255, 0.9551282051282052, 1.3333551199447928, 0.9574627665273759
260, 0.9551282051282052, 1.319218094376505, 0.9567134708205353
265, 0.967948717948718, 1.3052034639211658, 0.9686029479749095
270, 0.967948717948718, 1.2910044941049605, 0.9686029479749095
275, 0.9487179487179487, 1.276982341408171, 0.9507420932368077
280, 0.9551282051282052, 1.2630215552886015, 0.9567134708205353
285, 0.967948717948718, 1.2490034182726168, 0.9686029479749095
290, 0.9743589743589743, 1.2352792652645612, 0.9745267415418898
295, 0.967948717948718, 1.22128905333168, 0.9686029479749095
300, 0.9615384615384616, 1.2075706424523749, 0.9626661357870686
305, 0.9615384615384616, 1.1939158305574857, 0.9626661357870686
310, 0.967948717948718, 1.1802368892188109, 0.9686029479749095
315, 0.9743589743589743, 1.166819545891964, 0.9745267415418898
320, 0.9743589743589743, 1.1533262811948386, 0.9745267415418898
325, 0.967948717948718, 1.1400417509026637, 0.9685583345521915
330, 0.9615384615384616, 1.1268356129119623, 0.9626661357870686
335, 0.9743589743589743, 1.113671852935847, 0.9745267415418898
340, 0.9743589743589743, 1.100734515099788, 0.9745267415418898
345, 0.9743589743589743, 1.0878336636088841, 0.9745267415418898
350, 0.9743589743589743, 1.0750991783462693, 0.9744989062784427
355, 0.9807692307692307, 1.0624834208527574, 0.9804255049952068
360, 0.9807692307692307, 1.0499455102384991, 0.9814487343222975
365, 0.9807692307692307, 1.0376286687391885, 0.9814487343222975
370, 0.9871794871794872, 1.0253952920098983, 0.9874036000638468
375, 0.9871794871794872, 1.0133202167190094, 0.9874036000638468
380, 0.9871794871794872, 1.0013732213666742, 0.9874036000638468
385, 0.9807692307692307, 0.9895736912563776, 0.9814487343222975
390, 0.9871794871794872, 0.9779461406744787, 0.9874036000638468
395, 0.9871794871794872, 0.9664439622525728, 0.9874036000638468
400, 0.9871794871794872, 0.9551044150099819, 0.9874036000638468
405, 0.9871794871794872, 0.9439048858245451, 0.9874036000638468
410, 0.9871794871794872, 0.9328495916764905, 0.9874036000638468
415, 0.9871794871794872, 0.9219638260957108, 0.9874036000638468
420, 0.9871794871794872, 0.911212412160578, 0.9874036000638468
425, 0.9871794871794872, 0.9006286457844513, 0.9874036000638468
430, 0.9871794871794872, 0.890182613408102, 0.9874036000638468
435, 0.9871794871794872, 0.8799455750012746, 0.9874036000638468
440, 0.9871794871794872, 0.869778737842525, 0.9874036000638468
445, 0.9871794871794872, 0.859800970788796, 0.9874036000638468
450, 0.9871794871794872, 0.8499633537771715, 0.9874036000638468
455, 0.9871794871794872, 0.8402786696441031, 0.9874036000638468
460, 0.9871794871794872, 0.830866876072495, 0.9874036000638468
465, 0.9871794871794872, 0.8213982080235729, 0.9874036000638468
470, 0.9871794871794872, 0.8121783578875131, 0.9874036000638468
475, 0.9871794871794872, 0.803077458568306, 0.9874036000638468
480, 0.9871794871794872, 0.7941002614548303, 0.9874036000638468
485, 0.9871794871794872, 0.7854136858715811, 0.9874036000638468
490, 0.9871794871794872, 0.7766638212436756, 0.9874036000638468
495, 0.9871794871794872, 0.768165704795971, 0.9874036000638468
500, 0.9871794871794872, 0.7597644007232685, 0.9874036000638468
505, 0.9871794871794872, 0.7514986343239456, 0.9874036000638468
510, 0.9871794871794872, 0.7434358200293248, 0.9874036000638468
515, 0.9871794871794872, 0.7354561498032888, 0.9874036000638468
520, 0.9871794871794872, 0.7276142448232898, 0.9874036000638468
525, 0.9871794871794872, 0.719860339791392, 0.9874036000638468
530, 0.9871794871794872, 0.7122652150950781, 0.9874036000638468
535, 0.9871794871794872, 0.7048133620647332, 0.9874036000638468
540, 0.9871794871794872, 0.6974824003425298, 0.9874036000638468
545, 0.9871794871794872, 0.6902578349095319, 0.9874036000638468
550, 0.9871794871794872, 0.6831302984455538, 0.9874036000638468
555, 0.9871794871794872, 0.6761467370328634, 0.9874036000638468
560, 0.9871794871794872, 0.6692968399027414, 0.9874036000638468
565, 0.9871794871794872, 0.6625505443919827, 0.9874036000638468
570, 0.9871794871794872, 0.6559001512629451, 0.9874036000638468
575, 0.9871794871794872, 0.6493396210558198, 0.9874036000638468
580, 0.9871794871794872, 0.6429264182775177, 0.9874036000638468
585, 0.9871794871794872, 0.6366227180579788, 0.9874036000638468
590, 0.9871794871794872, 0.630400353239313, 0.9874036000638468
595, 0.9871794871794872, 0.6242921717026088, 0.9874036000638468
600, 0.9871794871794872, 0.6182530126467564, 0.9874036000638468
605, 0.9871794871794872, 0.6123419100736225, 0.9874036000638468
610, 0.9871794871794872, 0.6065326515359731, 0.9874036000638468
615, 0.9871794871794872, 0.6008043171693336, 0.9874036000638468
620, 0.9935897435897436, 0.5951658170803519, 0.9933674619272996
625, 0.9935897435897436, 0.5896155341636474, 0.9933674619272996
630, 0.9871794871794872, 0.5841780305610139, 0.9874036000638468
635, 0.9935897435897436, 0.5788141928175443, 0.9933674619272996
640, 0.9935897435897436, 0.5735288926057782, 0.9933674619272996
645, 0.9935897435897436, 0.568324582479, 0.9933674619272996
650, 0.9935897435897436, 0.5632082510006163, 0.9933674619272996
655, 0.9935897435897436, 0.5582417942109053, 0.9933674619272996
660, 0.9935897435897436, 0.5532518038437522, 0.9933674619272996
665, 0.9935897435897436, 0.5483834667451591, 0.9933674619272996
670, 0.9935897435897436, 0.5435723033780617, 0.9933674619272996
675, 0.9935897435897436, 0.5388366770687235, 0.9933674619272996
680, 0.9935897435897436, 0.5342371456252389, 0.9933674619272996
685, 0.9935897435897436, 0.5296280835967675, 0.9933674619272996
690, 0.9935897435897436, 0.5251279812732081, 0.9933674619272996
695, 0.9935897435897436, 0.5206717848998755, 0.9933674619272996
0, 0.33974358974358976, 2.397531414633807, 0.8357256778309411
5, 0.33974358974358976, 2.015435763847237, 0.8357256778309411
10, 0.33974358974358976, 1.8778438260804824, 0.8357256778309411
15, 0.33974358974358976, 1.8315869392327433, 0.8357256778309411
20, 0.33974358974358976, 1.813072917208433, 0.8357256778309411
25, 0.3525641025641026, 1.8016140285018662, 0.30064779535002406
30, 0.4166666666666667, 1.7930966668579542, 0.33041354780485216
35, 0.3782051282051282, 1.7851724618441647, 0.24094594046439397
40, 0.391025641025641, 1.7773086671220677, 0.24643139823685148
45, 0.48717948717948717, 1.7692791851622347, 0.43461022551264666
50, 0.5, 1.761144911532604, 0.42520624768261034
55, 0.5064102564102564, 1.7527919317294975, 0.4280383112776649
60, 0.5064102564102564, 1.7442368452297297, 0.4280383112776649
65, 0.5256410256410257, 1.7353141344017802, 0.45674153055051425
70, 0.6730769230769231, 1.726207093664043, 0.6803651617129635
75, 0.6346153846153846, 1.716858688886901, 0.6110617885347476
80, 0.6217948717948718, 1.7073777470969695, 0.5806362821093383
85, 0.6410256410256411, 1.697693188040211, 0.6118078000430941
90, 0.6987179487179487, 1.6875835324021728, 0.6923216505256152
95, 0.7948717948717948, 1.6774847004840778, 0.8081838876242297
100, 0.7756410256410257, 1.6670273116167373, 0.7840892614961001
105, 0.7435897435897436, 1.6565793029208045, 0.7413919413919414
110, 0.7692307692307693, 1.6459372006703121, 0.775588934121525
115, 0.782051282051282, 1.6349707441831178, 0.7922545594490176
120, 0.8205128205128205, 1.6241479364549833, 0.8309873521011832
125, 0.8205128205128205, 1.6129885999119928, 0.8300467503251433
130, 0.8012820512820513, 1.6019840800308482, 0.8122222037255914
135, 0.8269230769230769, 1.5909110505317539, 0.8372147815874883
140, 0.8012820512820513, 1.5795913572022977, 0.8082440455714598
145, 0.8076923076923077, 1.5686431871063589, 0.8151364944617262
150, 0.7884615384615384, 1.5573729092798538, 0.793305545029683
155, 0.782051282051282, 1.5463130185174887, 0.7876509599233144
160, 0.7756410256410257, 1.5353753331714848, 0.781209212243695
165, 0.7884615384615384, 1.5242416226987856, 0.7914554092771914
170, 0.7884615384615384, 1.513483724968093, 0.7914554092771914
175, 0.782051282051282, 1.5027013520452996, 0.7822260819221306
180, 0.7948717948717948, 1.4921010027672998, 0.7976811594202898
185, 0.782051282051282, 1.4815936608418925, 0.7822260819221306
190, 0.7884615384615384, 1.4710807164962958, 0.7840498682603947
195, 0.7948717948717948, 1.460866026087729, 0.7911456903127384
200, 0.8012820512820513, 1.4508691592502894, 0.7981701565742313
205, 0.7948717948717948, 1.4410068906654898, 0.7939490599777681
210, 0.8012820512820513, 1.4312051723401225, 0.7981701565742313
215, 0.7756410256410257, 1.4214397751507957, 0.7696265769761483
220, 0.7948717948717948, 1.4120383719971294, 0.7911456903127384
225, 0.7884615384615384, 1.40274778311495, 0.7840498682603947
230, 0.8012820512820513, 1.3936581756849025, 0.7981701565742313
235, 0.7948717948717948, 1.3846568121391238, 0.7911456903127384
240, 0.7756410256410257, 1.375730991565821, 0.7696265769761483
245, 0.7756410256410257, 1.3670632501808562, 0.7696265769761483
250, 0.7948717948717948, 1.358550090351528, 0.7911456903127384
255, 0.7948717948717948, 1.3502016714809695, 0.7911456903127384
260, 0.7948717948717948, 1.3419238984431223, 0.7911456903127384
265, 0.7756410256410257, 1.3338128848375206, 0.7696265769761483
270, 0.7756410256410257, 1.3257329902629924, 0.7696265769761483
275, 0.7948717948717948, 1.3179217980286502, 0.7911456903127384
280, 0.7948717948717948, 1.310181838237216, 0.7911456903127384
285, 0.7884615384615384, 1.30248581005037, 0.7840498682603947
290, 0.7756410256410257, 1.2950694847838555, 0.7696265769761483
295, 0.7756410256410257, 1.2874748366646536, 0.7696265769761483
300, 0.7948717948717948, 1.280182965133962, 0.7911456903127384
305, 0.7948717948717948, 1.2729246847442066, 0.7911456903127384
310, 0.7948717948717948, 1.2656941384059404, 0.7911456903127384
315, 0.7756410256410257, 1.2586602769750959, 0.7696265769761483
320, 0.782051282051282, 1.25150964451434, 0.7768783288053905
325, 0.8076923076923077, 1.2445456880490775, 0.8061084420041181
330, 0.8141025641025641, 1.237622409213159, 0.8140162233540842
335, 0.8012820512820513, 1.2306940131230515, 0.7991867612293144
340, 0.8012820512820513, 1.223899425277713, 0.8003072196620584
345, 0.8141025641025641, 1.2169765227898064, 0.8140162233540842
350, 0.8205128205128205, 1.2102139100911757, 0.8218988623967586
355, 0.8205128205128205, 1.2034734804072262, 0.8218988623967586
360, 0.8205128205128205, 1.196664499892271, 0.8218988623967586
365, 0.8205128205128205, 1.1899277879665802, 0.8218988623967586
370, 0.8205128205128205, 1.1831307808500713, 0.8218988623967586
375, 0.8269230769230769, 1.1763979788577053, 0.8285667953048872
380, 0.8269230769230769, 1.1696549614624179, 0.8285667953048872
385, 0.8269230769230769, 1.1628787318508012, 0.8285667953048872
390, 0.8269230769230769, 1.1560773944230824, 0.8285667953048872
395, 0.8269230769230769, 1.1492613256973523, 0.8285667953048872
400, 0.8461538461538461, 1.1424470985161927, 0.8493433838888383
405, 0.8461538461538461, 1.1356257747114737, 0.8493433838888383
410, 0.8525641025641025, 1.1287429736325665, 0.8542600842235029
415, 0.8525641025641025, 1.121864352498449, 0.8550635763750517
420, 0.8589743589743589, 1.1149007640403543, 0.8607845890075856
425, 0.8525641025641025, 1.1079462865512575, 0.8569359966299661
430, 0.8653846153846154, 1.1009781357591772, 0.8702767863818984
435, 0.8653846153846154, 1.0940271249568336, 0.8684076537735076
440, 0.8717948717948718, 1.0869434678992298, 0.8760269175725465
445, 0.8717948717948718, 1.0798511816127332, 0.8760269175725465
450, 0.8717948717948718, 1.0727258658789423, 0.8760269175725465
455, 0.8717948717948718, 1.0656378684741958, 0.8760269175725465
460, 0.8717948717948718, 1.058617702969699, 0.8760269175725465
465, 0.8717948717948718, 1.0513315187546688, 0.8760269175725465
470, 0.8974358974358975, 1.0441355587932026, 0.9010674278354384
475, 0.8974358974358975, 1.0368573085066108, 0.9010674278354384
480, 0.8974358974358975, 1.0296062479554133, 0.9010674278354384
485, 0.8782051282051282, 1.0224954497318852, 0.8823419273222219
490, 0.8910256410256411, 1.0150534591272646, 0.894858974825158
495, 0.9038461538461539, 1.0077637576771081, 0.9072466922400269
500, 0.9038461538461539, 1.0004114361057914, 0.9072466922400269
505, 0.9038461538461539, 0.9930596166385601, 0.9072466922400269
510, 0.8974358974358975, 0.9857473475704339, 0.9010674278354384
515, 0.9038461538461539, 0.9783294175871617, 0.9072466922400269
520, 0.9230769230769231, 0.970933669082892, 0.9256400513850439
525, 0.9358974358974359, 0.9635079380391173, 0.9387293992557151
530, 0.9294871794871795, 0.9560912915425072, 0.9317330883474363
535, 0.9358974358974359, 0.9486453780602869, 0.9387293992557151
540, 0.9358974358974359, 0.9411969685310314, 0.9387293992557151
545, 0.9294871794871795, 0.9337532198412947, 0.9328425368248378
550, 0.9294871794871795, 0.9263089596378884, 0.9328425368248378
555, 0.9358974358974359, 0.9188417210889879, 0.9387293992557151
560, 0.9358974358974359, 0.911384360284498, 0.9387293992557151
565, 0.9294871794871795, 0.903894703060753, 0.9328425368248378
570, 0.9358974358974359, 0.8964243863495526, 0.9388528138528138
575, 0.9358974358974359, 0.8889905615895802, 0.9388528138528138
580, 0.9358974358974359, 0.8815602799564543, 0.9388528138528138
585, 0.9358974358974359, 0.874120333465412, 0.9388528138528138
590, 0.9358974358974359, 0.866642328367046, 0.9388528138528138
595, 0.9358974358974359, 0.8591993522210674, 0.9388528138528138
600, 0.9358974358974359, 0.8518227955830562, 0.9388528138528138
605, 0.9358974358974359, 0.8444543039433206, 0.9388528138528138
610, 0.9358974358974359, 0.8370793185782324, 0.9388528138528138
615, 0.9358974358974359, 0.8296866775214329, 0.9388528138528138
620, 0.9358974358974359, 0.8223399772240726, 0.9388528138528138
625, 0.9358974358974359, 0.815049050889588, 0.9388528138528138
630, 0.9358974358974359, 0.8078652518705234, 0.9388528138528138
635, 0.9358974358974359, 0.8005613983209788, 0.9388528138528138
640, 0.9487179487179487, 0.7933258592604048, 0.9508506113769272
645, 0.9487179487179487, 0.7861151136625522, 0.9508506113769272
650, 0.9487179487179487, 0.7789942898964962, 0.9508506113769272
655, 0.9487179487179487, 0.7720410576473643, 0.9508506113769272
660, 0.9487179487179487, 0.764880625752683, 0.9508506113769272
665, 0.9487179487179487, 0.7578475049611636, 0.9508506113769272
670, 0.9487179487179487, 0.7508320254909103, 0.9508506113769272
675, 0.9487179487179487, 0.7439009169700486, 0.9508506113769272
680, 0.9487179487179487, 0.737150870381763, 0.9508506113769272
685, 0.9487179487179487, 0.7302163385313682, 0.9508506113769272
690, 0.9487179487179487, 0.7234270010609587, 0.9508506113769272
695, 0.9487179487179487, 0.7166869091604107, 0.9508506113769272
0, 0.2948717948717949, 2.731383810909443, 0.5115918803418803
5, 0.46153846153846156, 2.2035867063554107, 0.7136427566807314
10, 0.36538461538461536, 1.9987516291595069, 0.17840375586854462
15, 0.3717948717948718, 1.9156783525599081, 0.5140186915887851
20, 0.36538461538461536, 1.8786892878885675, 0.521762815274827
25, 0.36538461538461536, 1.85958901898553, 0.521762815274827
30, 0.358974358974359, 1.847828340369602, 0.5192359429647565
35, 0.3717948717948718, 1.8391520257043423, 0.5242745227849498
40, 0.3782051282051282, 1.831753770142022, 0.5364166258103177
45, 0.3717948717948718, 1.8248000678752065, 0.5504186572147737
50, 0.3782051282051282, 1.8179169861851199, 0.5452950558213715
55, 0.3782051282051282, 1.8109050572840193, 0.5452950558213715
60, 0.38461538461538464, 1.8037199583253216, 0.54818401937046
65, 0.3974358974358974, 1.7962147697708677, 0.2501447294745134
70, 0.47435897435897434, 1.7884951514692966, 0.38756465632165527
75, 0.4551282051282051, 1.7804627236132529, 0.3584562382672088
80, 0.46794871794871795, 1.7721920335124877, 0.3696875106826651
85, 0.46794871794871795, 1.7637132147296033, 0.3696875106826651
90, 0.5256410256410257, 1.7547491849945862, 0.4792882744495648
95, 0.6089743589743589, 1.745664487250591, 0.5932608630725356
100, 0.6089743589743589, 1.7361122948071288, 0.5942415684279648
105, 0.6538461538461539, 1.7263809163072141, 0.6356821589205398
110, 0.6474358974358975, 1.7163930361492696, 0.6309489901347153
115, 0.6410256410256411, 1.7059175764872083, 0.6288204170557111
120, 0.7115384615384616, 1.6953780327322012, 0.7139030431705592
125, 0.7243589743589743, 1.6843252427300979, 0.7256595226378811
130, 0.717948717948718, 1.6731600763585788, 0.7086103197214308
135, 0.7307692307692307, 1.6617782826559373, 0.7251588126588127
140, 0.782051282051282, 1.6498955047634554, 0.7831842818428184
145, 0.7948717948717948, 1.6381395233666693, 0.7972464851850084
150, 0.7948717948717948, 1.625802156209998, 0.7972464851850084
155, 0.8012820512820513, 1.6134199422807625, 0.8027210884353742
160, 0.8076923076923077, 1.6009118005650953, 0.8086310323216045
165, 0.8525641025641025, 1.5879461796346819, 0.8576353060626346
170, 0.8525641025641025, 1.5751480914604439, 0.8576353060626346
175, 0.8525641025641025, 1.562007160704373, 0.8576353060626346
180, 0.8589743589743589, 1.5488400161731755, 0.8642524193139788
185, 0.8589743589743589, 1.5355381694575843, 0.8642524193139788
190, 0.8782051282051282, 1.5219804806422423, 0.8838545843357392
195, 0.8782051282051282, 1.5085945478706348, 0.8838545843357392
200, 0.8846153846153846, 1.4951829728057708, 0.8897203220252222
205, 0.8846153846153846, 1.4817452818800996, 0.8897203220252222
210, 0.8846153846153846, 1.468208652583795, 0.8897203220252222
215, 0.9038461538461539, 1.4545149766477918, 0.9086531986531986
220, 0.9038461538461539, 1.441131466189902, 0.9086531986531986
225, 0.9038461538461539, 1.4277180326814478, 0.9086531986531986
230, 0.9102564102564102, 1.4144407804006176, 0.9147898338220918
235, 0.9230769230769231, 1.4011182432325573, 0.9269576186162493
240, 0.9423076923076923, 1.3877810860184183, 0.9449919361684067
245, 0.9423076923076923, 1.374711159748988, 0.9449919361684067
250, 0.9423076923076923, 1.3617403116794184, 0.9449919361684067
255, 0.9423076923076923, 1.3489136016684258, 0.9449919361684067
260, 0.9423076923076923, 1.336100813995599, 0.9449919361684067
265, 0.9294871794871795, 1.3233981908938817, 0.933047827907641
270, 0.9294871794871795, 1.3108364674067652, 0.933047827907641
275, 0.9423076923076923, 1.2984956268074517, 0.9449919361684067
280, 0.9358974358974359, 1.2862861232237086, 0.9390184221492185
285, 0.9230769230769231, 1.2740689471560667, 0.9262439031455605
290, 0.9294871794871795, 1.2621320800159443, 0.9321886289481144
295, 0.9230769230769231, 1.2501450200054218, 0.9262439031455605
300, 0.9294871794871795, 1.2384704974294425, 0.9322677809003862
305, 0.9230769230769231, 1.226862664439054, 0.9262439031455605
310, 0.9230769230769231, 1.2152624771401348, 0.9262439031455605
315, 0.9294871794871795, 1.2039256474596123, 0.9321886289481144
320, 0.9294871794871795, 1.1925682263955177, 0.9321886289481144
325, 0.9230769230769231, 1.1814559243995046, 0.9262439031455605
330, 0.9230769230769231, 1.1703759673754175, 0.9262439031455605
335, 0.9294871794871795, 1.1593127138283512, 0.9321886289481144
340, 0.9294871794871795, 1.148494232594315, 0.9321886289481144
345, 0.9294871794871795, 1.1376240268682971, 0.9321886289481144
350, 0.9294871794871795, 1.1269582911802607, 0.9321886289481144
355, 0.9294871794871795, 1.1163138716924255, 0.9321886289481144
360, 0.9294871794871795, 1.1056539930649878, 0.9321886289481144
365, 0.9358974358974359, 1.095190801945439, 0.9381175510332027
370, 0.9294871794871795, 1.0847236686805748, 0.9321886289481144
375, 0.9294871794871795, 1.0743882286905988, 0.9321886289481144
380, 0.9294871794871795, 1.0640594234785097, 0.9321886289481144
385, 0.9358974358974359, 1.0537458453229698, 0.9381175510332027
390, 0.9358974358974359, 1.0435655862186735, 0.9381175510332027
395, 0.9358974358974359, 1.0333942596427672, 0.9381175510332027
400, 0.9358974358974359, 1.023294219439814, 0.9381175510332027
405, 0.9358974358974359, 1.0132477453853512, 0.9381175510332027
410, 0.9358974358974359, 1.003199486497741, 0.9381175510332027
415, 0.9423076923076923, 0.9932712586328981, 0.9441585699035625
420, 0.9423076923076923, 0.9833212583309986, 0.9441585699035625
425, 0.9423076923076923, 0.973450337271108, 0.9441585699035625
430, 0.9487179487179487, 0.9636340208473931, 0.9501992152091548
435, 0.9423076923076923, 0.9539191710781743, 0.9441585699035625
440, 0.9423076923076923, 0.9441563734804566, 0.9441585699035625
445, 0.9487179487179487, 0.9344917025692505, 0.9501992152091548
450, 0.9487179487179487, 0.924851481823965, 0.9501992152091548
455, 0.9487179487179487, 0.9153128758254001, 0.9501992152091548
460, 0.9423076923076923, 0.9059311410981105, 0.9441585699035625
465, 0.9487179487179487, 0.8964177030540128, 0.9501992152091548
470, 0.9487179487179487, 0.8870729451808665, 0.9501992152091548
475, 0.9487179487179487, 0.8777036549117133, 0.9501992152091548
480, 0.9487179487179487, 0.8684428045132828, 0.9501992152091548
485, 0.9423076923076923, 0.8594022664904045, 0.9441585699035625
490, 0.9487179487179487, 0.8501985697986785, 0.9501992152091548
495, 0.9551282051282052, 0.8412177451271328, 0.956242408648599
500, 0.9551282051282052, 0.832230263281134, 0.956242408648599
505, 0.9551282051282052, 0.8233440886367196, 0.956242408648599
510, 0.9487179487179487, 0.8145950700353435, 0.9501992152091548
515, 0.9551282051282052, 0.8059043785601286, 0.956242408648599
520, 0.9551282051282052, 0.7973037872449107, 0.956242408648599
525, 0.9551282051282052, 0.7887142547249268, 0.956242408648599
530, 0.9551282051282052, 0.7802678582181968, 0.956242408648599
535, 0.9551282051282052, 0.7718935641469559, 0.956242408648599
540, 0.9551282051282052, 0.7636765869551109, 0.956242408648599
545, 0.9615384615384616, 0.75550658074156, 0.9628964735296682
550, 0.9615384615384616, 0.7473993610921246, 0.9628964735296682
555, 0.9615384615384616, 0.7394186952689885, 0.9628964735296682
560, 0.9615384615384616, 0.7315448974586608, 0.9628964735296682
565, 0.9615384615384616, 0.7237728332352651, 0.9628964735296682
570, 0.9615384615384616, 0.7160616526591911, 0.9628964735296682
575, 0.9615384615384616, 0.7084671699695837, 0.9628964735296682
580, 0.9615384615384616, 0.7009860796611788, 0.9628964735296682
585, 0.9615384615384616, 0.6936172817139357, 0.9628964735296682
590, 0.9615384615384616, 0.6863097980261372, 0.9628964735296682
595, 0.967948717948718, 0.6790754751391388, 0.9688948306595364
600, 0.967948717948718, 0.6719944997230124, 0.9688948306595364
605, 0.967948717948718, 0.6650072514796737, 0.9688948306595364
610, 0.967948717948718, 0.6581138405801974, 0.9688948306595364
615, 0.967948717948718, 0.6513055748145264, 0.9688948306595364
620, 0.967948717948718, 0.644559123489216, 0.9688948306595364
625, 0.967948717948718, 0.63797294952618, 0.9688948306595364
630, 0.967948717948718, 0.6315029832231388, 0.9688948306595364
635, 0.967948717948718, 0.6250562551449601, 0.9688948306595364
640, 0.967948717948718, 0.6187360804901361, 0.9688948306595364
645, 0.9743589743589743, 0.6124666164199163, 0.9749028749028749
650, 0.9743589743589743, 0.6063455163635343, 0.9749028749028749
655, 0.967948717948718, 0.6004040072865632, 0.9688948306595364
660, 0.9743589743589743, 0.5943918296838403, 0.9749028749028749
665, 0.9743589743589743, 0.5885414506972382, 0.9749028749028749
670, 0.9743589743589743, 0.5827151567270992, 0.9749028749028749
675, 0.9743589743589743, 0.5770303754984333, 0.9749028749028749
680, 0.9743589743589743, 0.5715026491881557, 0.9749028749028749
685, 0.9743589743589743, 0.5659428811296872, 0.9749028749028749
690, 0.9743589743589743, 0.5605187312613978, 0.9749028749028749
695, 0.9743589743589743, 0.5551460341287024, 0.9749028749028749
0, 0.27564102564102566, 2.407800434445928, 0.8107202680067003
5, 0.27564102564102566, 2.072473402383175, 0.8107202680067003
10, 0.27564102564102566, 1.952415332005646, 0.8107202680067003
15, 0.15384615384615385, 1.9106610408175817, 0.4628498422964826
20, 0.5576923076923077, 1.894623064769302, 0.776372847011145
25, 0.5512820512820513, 1.8858753812640765, 0.7700127587768039
30, 0.5512820512820513, 1.8804372852829268, 0.7700127587768039
35, 0.5512820512820513, 1.8761784226465466, 0.7692467748647523
40, 0.5576923076923077, 1.8726861590164192, 0.7752120835919719
45, 0.5833333333333334, 1.8694897613434784, 0.7984644150057684
50, 0.5705128205128205, 1.8661607941856009, 0.78757225433526
55, 0.5705128205128205, 1.862832960120931, 0.78757225433526
60, 0.5705128205128205, 1.859437786611873, 0.78757225433526
65, 0.5897435897435898, 1.8559662350448984, 0.8038027332144978
70, 0.6089743589743589, 1.8525283484599204, 0.8181504485852312
75, 0.6089743589743589, 1.848936230795448, 0.8194199835622872
80, 0.5961538461538461, 1.8453339940156168, 0.8090729783037475
85, 0.6025641025641025, 1.8415897299771609, 0.8142778563570644
90, 0.6153846153846154, 1.837728152778704, 0.8245018910593832
95, 0.6282051282051282, 1.8339273323088736, 0.8325920857566427
100, 0.6410256410256411, 1.8299140463135546, 0.8435779816513761
105, 0.6282051282051282, 1.825950655233641, 0.8344947735191637
110, 0.6410256410256411, 1.8217964064467627, 0.8442752201838392
115, 0.6410256410256411, 1.817528064735188, 0.8435779816513761
120, 0.6282051282051282, 1.813244881695783, 0.8325920857566427
125, 0.6410256410256411, 1.8088785952608053, 0.8435779816513761
130, 0.6410256410256411, 1.8044545123714812, 0.8435779816513761
135, 0.6410256410256411, 1.799799792508278, 0.8435779816513761
140, 0.6410256410256411, 1.795049802272959, 0.8435779816513761
145, 0.6474358974358975, 1.7902732568280937, 0.8483323804078521
150, 0.6474358974358975, 1.7854377089960802, 0.8483323804078521
155, 0.6538461538461539, 1.7804186448276778, 0.8538608562691131
160, 0.6538461538461539, 1.775279090047995, 0.8538608562691131
165, 0.6474358974358975, 1.7699400881292087, 0.8483323804078521
170, 0.6410256410256411, 1.76458635951622, 0.8428175010453492
175, 0.6538461538461539, 1.7591429183795817, 0.8538608562691131
180, 0.6538461538461539, 1.7535210081227517, 0.8538608562691131
185, 0.6538461538461539, 1.7477636536719172, 0.8538608562691131
190, 0.6346153846153846, 1.7418115322959242, 0.8373142250530785
195, 0.6410256410256411, 1.7358305265817477, 0.8428175010453492
200, 0.6474358974358975, 1.7297108715532925, 0.8483323804078521
205, 0.6474358974358975, 1.723420349210051, 0.8483323804078521
210, 0.6474358974358975, 1.7169815648245947, 0.8483323804078521
215, 0.6346153846153846, 1.710331777056504, 0.8373142250530785
220, 0.6346153846153846, 1.7036742374554352, 0.8373142250530785
225, 0.6346153846153846, 1.6968361218319767, 0.8373142250530785
230, 0.6474358974358975, 1.6898444730823945, 0.8483323804078521
235, 0.6474358974358975, 1.6827062320767574, 0.8483323804078521
240, 0.6346153846153846, 1.6754261385411109, 0.8373142250530785
245, 0.6346153846153846, 1.6680347363751622, 0.8373142250530785
250, 0.6410256410256411, 1.6605507825915964, 0.8428175010453492
255, 0.6410256410256411, 1.6528417908295132, 0.8428175010453492
260, 0.6410256410256411, 1.6450161431369048, 0.8428175010453492
265, 0.6346153846153846, 1.6371191280323807, 0.8364836823240899
270, 0.6410256410256411, 1.62905063151127, 0.8419937977460101
275, 0.6410256410256411, 1.6209368841272602, 0.8428175010453492
280, 0.6474358974358975, 1.6125714594218044, 0.847512890506521
285, 0.6474358974358975, 1.6040609329563924, 0.847512890506521
290, 0.6410256410256411, 1.5955803346250435, 0.841106719367589
295, 0.6410256410256411, 1.586859445732452, 0.8419937977460101
300, 0.6474358974358975, 1.5781764518133958, 0.847512890506521
305, 0.6474358974358975, 1.5692454284754982, 0.847512890506521
310, 0.6474358974358975, 1.5601619176705215, 0.847512890506521
315, 0.6410256410256411, 1.5510994523582673, 0.841106719367589
320, 0.6346153846153846, 1.541876330642834, 0.8364836823240899
325, 0.6474358974358975, 1.5326440533046415, 0.847512890506521
330, 0.6474358974358975, 1.5231998858652098, 0.847512890506521
335, 0.6346153846153846, 1.513597149566369, 0.8364836823240899
340, 0.6410256410256411, 1.504079159055658, 0.841106719367589
345, 0.6410256410256411, 1.4944050890799514, 0.8419937977460101
350, 0.6410256410256411, 1.4846348156761873, 0.8419937977460101
355, 0.6474358974358975, 1.4748176251376173, 0.847512890506521
360, 0.6474358974358975, 1.4647590568971223, 0.8466327108092813
365, 0.6474358974358975, 1.4548127870553742, 0.8466327108092813
370, 0.6474358974358975, 1.444729421375995, 0.8466327108092813
375, 0.6410256410256411, 1.4345627475225577, 0.8419937977460101
380, 0.6410256410256411, 1.4243506454596928, 0.8419937977460101
385, 0.6474358974358975, 1.4139393450685125, 0.8466327108092813
390, 0.6474358974358975, 1.4036190566270015, 0.8466327108092813
395, 0.6474358974358975, 1.3932416159255043, 0.8466327108092813
400, 0.6474358974358975, 1.3827367444458716, 0.847512890506521
405, 0.6538461538461539, 1.3722031231006686, 0.8521670070342636
410, 0.6538461538461539, 1.3614788489366243, 0.5298473456368193
415, 0.6666666666666666, 1.3508455356898772, 0.561022120518688
420, 0.6730769230769231, 1.3401550632880643, 0.5757337545639497
425, 0.6794871794871795, 1.3293885565344257, 0.5813067549310105
430, 0.6923076923076923, 1.3185907601246807, 0.6091842754801036
435, 0.7243589743589743, 1.3076749752958527, 0.6768003925898664
440, 0.75, 1.296752277186187, 0.7144335006287102
445, 0.7628205128205128, 1.2858685529178986, 0.7343781611878638
450, 0.7756410256410257, 1.274884877324485, 0.7533612135027813
455, 0.8269230769230769, 1.263874236255954, 0.8215937043679378
460, 0.8717948717948718, 1.25287601174665, 0.8739457747146706
465, 0.8782051282051282, 1.2417139825050159, 0.8810219904347015
470, 0.8846153846153846, 1.230676613864843, 0.8868697331812085
475, 0.8846153846153846, 1.2195933527637268, 0.8868697331812085
480, 0.8910256410256411, 1.2084103248338187, 0.8938702743363273
485, 0.8782051282051282, 1.1974026394894275, 0.8809970005701396
490, 0.8974358974358975, 1.1861272303551853, 0.9004515599343185
495, 0.9038461538461539, 1.1750166297591897, 0.9064284064284065
500, 0.9038461538461539, 1.163922575195299, 0.9064284064284065
505, 0.9102564102564102, 1.1527048184326958, 0.9131352447782467
510, 0.9038461538461539, 1.1416934035903095, 0.9071519912312751
515, 0.9166666666666666, 1.1304618555222443, 0.9197879375836907
520, 0.9166666666666666, 1.119392766484492, 0.9197879375836907
525, 0.9166666666666666, 1.1083875833605168, 0.9197879375836907
530, 0.9230769230769231, 1.0972561640050584, 0.9263910008011642
535, 0.9230769230769231, 1.0863600807993095, 0.9263910008011642
540, 0.9294871794871795, 1.0753027360199854, 0.9329488378160944
545, 0.9358974358974359, 1.0644017764223075, 0.9389420520999469
550, 0.9358974358974359, 1.0535746705027538, 0.9389420520999469
555, 0.9358974358974359, 1.0426702353976054, 0.9389420520999469
560, 0.9358974358974359, 1.0319718051997866, 0.9389420520999469
565, 0.9358974358974359, 1.0212228917854034, 0.9389420520999469
570, 0.9358974358974359, 1.010605731713165, 0.9389420520999469
575, 0.9358974358974359, 1.0000392208970035, 0.9389420520999469
580, 0.9294871794871795, 0.9894963217945653, 0.932073243120275
585, 0.9294871794871795, 0.9790892888659776, 0.932073243120275
590, 0.9358974358974359, 0.968785367807337, 0.9389420520999469
595, 0.9423076923076923, 0.9585495926419776, 0.9449305580737573
600, 0.9423076923076923, 0.9484110332206966, 0.9449305580737573
605, 0.9294871794871795, 0.938266016179461, 0.931330079775318
610, 0.9358974358974359, 0.9282855308308253, 0.9381175510332027
615, 0.9358974358974359, 0.9184427577351135, 0.9381175510332027
620, 0.9358974358974359, 0.9086834731971128, 0.9381175510332027
625, 0.9423076923076923, 0.8990203867835392, 0.9441585699035625
630, 0.9358974358974359, 0.889396856955708, 0.9381175510332027
635, 0.9423076923076923, 0.8798961317569873, 0.9441585699035625
640, 0.9423076923076923, 0.870562348099705, 0.9441585699035625
645, 0.9423076923076923, 0.8613282546660307, 0.9441585699035625
650, 0.9423076923076923, 0.8521924049966736, 0.9441585699035625
655, 0.9423076923076923, 0.8432023113613306, 0.9441585699035625
660, 0.9423076923076923, 0.8341837841597505, 0.9441585699035625
665, 0.9423076923076923, 0.8253704524909835, 0.9441585699035625
670, 0.9423076923076923, 0.8167118495453896, 0.9441585699035625
675, 0.9423076923076923, 0.8081061339111814, 0.9441585699035625
680, 0.9423076923076923, 0.7997275222821811, 0.9441585699035625
685, 0.9423076923076923, 0.7912630100041793, 0.9441585699035625
690, 0.9423076923076923, 0.7829945682171062, 0.9441585699035625
695, 0.9423076923076923, 0.7749064912554211, 0.9441585699035625
0, 0.28205128205128205, 2.410440381753927, 0.4973544973544974
5, 0.3076923076923077, 2.084238070944093, 0.5906337469189956
10, 0.33974358974358976, 1.9190322454439166, 0.5593013468013469
15, 0.3782051282051282, 1.8370282195975518, 0.5565869667135489
20, 0.532051282051282, 1.793091557701802, 0.42508014508014513
25, 0.6282051282051282, 1.7671741677509896, 0.8360505074722289
30, 0.6474358974358975, 1.748509307334898, 0.8510038746037337
35, 0.6602564102564102, 1.733236714350891, 0.8601690010417872
40, 0.6666666666666666, 1.719527983460838, 0.5433757561640161
45, 0.6923076923076923, 1.706285922999619, 0.5623705408515535
50, 0.6923076923076923, 1.6934466764069351, 0.5623705408515535
55, 0.6923076923076923, 1.6804486291599074, 0.5623705408515535
60, 0.6923076923076923, 1.667219270311623, 0.5623705408515535
65, 0.7051282051282052, 1.6537427292548619, 0.5936725110638154
70, 0.6987179487179487, 1.6400062386648533, 0.605809679162841
75, 0.7435897435897436, 1.6261405802852247, 0.674980574980575
80, 0.7435897435897436, 1.6120217501780565, 0.674980574980575
85, 0.7564102564102564, 1.5976980823878275, 0.6987017320350654
90, 0.7628205128205128, 1.5829771224678357, 0.7100391671820243
95, 0.8205128205128205, 1.5682186309165476, 0.8055286338868428
100, 0.8461538461538461, 1.5531689806570788, 0.8338813951632212
105, 0.8461538461538461, 1.5380325038421316, 0.8338813951632212
110, 0.8589743589743589, 1.522716903237458, 0.8500721500721501
115, 0.8782051282051282, 1.5070560707063219, 0.8733618439894325
120, 0.8782051282051282, 1.4915004261718683, 0.8750561585207254
125, 0.8974358974358975, 1.4756670353336208, 0.8956304903673326
130, 0.9102564102564102, 1.4598747567517028, 0.909995739027997
135, 0.9166666666666666, 1.4439863185937234, 0.9170519645357559
140, 0.9230769230769231, 1.4278334574271803, 0.9240312965722802
145, 0.9230769230769231, 1.411969088514381, 0.9240312965722802
150, 0.9230769230769231, 1.3958505404595378, 0.9240312965722802
155, 0.9230769230769231, 1.3798273068758444, 0.9240312965722802
160, 0.9230769230769231, 1.3638360997480403, 0.9240312965722802
165, 0.9358974358974359, 1.3476584161696663, 0.9376965783745446
170, 0.9358974358974359, 1.3318193581195885, 0.9376965783745446
175, 0.9423076923076923, 1.3158887297901685, 0.9444124502948034
180, 0.9423076923076923, 1.3000846786628852, 0.9444124502948034
185, 0.9423076923076923, 1.2843386845159248, 0.9444124502948034
190, 0.9487179487179487, 1.2685699908498917, 0.9510777380865593
195, 0.9487179487179487, 1.2531033713379651, 0.9510777380865593
200, 0.9551282051282052, 1.2377595426589438, 0.957014522194808
205, 0.9551282051282052, 1.222495430964933, 0.957014522194808
210, 0.9551282051282052, 1.2073629808254798, 0.957014522194808
215, 0.9551282051282052, 1.1922436531055172, 0.9568438674741028
220, 0.9551282051282052, 1.1774748765988825, 0.9568438674741028
225, 0.9551282051282052, 1.1627979380956255, 0.9568438674741028
230, 0.9551282051282052, 1.1483011159756837, 0.9568438674741028
235, 0.9551282051282052, 1.133940124663649, 0.9568438674741028
240, 0.9551282051282052, 1.1197336862038192, 0.9568438674741028
245, 0.9551282051282052, 1.105718999558199, 0.9568438674741028
250, 0.9551282051282052, 1.0919244985628807, 0.9568438674741028
255, 0.9551282051282052, 1.0782796408604385, 0.9568438674741028
260, 0.9551282051282052, 1.0648041790387308, 0.9568438674741028
265, 0.9551282051282052, 1.0515858116629824, 0.9568438674741028
270, 0.9551282051282052, 1.038394187146849, 0.9568438674741028
275, 0.9487179487179487, 1.0255090366205633, 0.9509172181585974
280, 0.9487179487179487, 1.0127752353634447, 0.9509172181585974
285, 0.9551282051282052, 1.0001760845886578, 0.9568438674741028
290, 0.9551282051282052, 0.9879470522474018, 0.9568438674741028
295, 0.9551282051282052, 0.9756217857906565, 0.9568438674741028
300, 0.9487179487179487, 0.9636414289802159, 0.9509172181585974
305, 0.9487179487179487, 0.9518237094639562, 0.9509172181585974
310, 0.9551282051282052, 0.9401169826688162, 0.9568438674741028
315, 0.9551282051282052, 0.9287463110752174, 0.9568438674741028
320, 0.9551282051282052, 0.9173795357910338, 0.9568438674741028
325, 0.9487179487179487, 0.9062706986576408, 0.9509172181585974
330, 0.9487179487179487, 0.8953181825248049, 0.9509172181585974
335, 0.9551282051282052, 0.8844933447647022, 0.9568438674741028
340, 0.9551282051282052, 0.8739365186276618, 0.9568438674741028
345, 0.9551282051282052, 0.8634610894589227, 0.9568438674741028
350, 0.9487179487179487, 0.853195602841337, 0.9509172181585974
355, 0.9487179487179487, 0.8430754039048498, 0.9509172181585974
360, 0.9551282051282052, 0.8330871441511081, 0.9568438674741028
365, 0.9551282051282052, 0.8233326693835232, 0.9568438674741028
370, 0.9551282051282052, 0.8136797096260414, 0.9568438674741028
375, 0.9551282051282052, 0.8042061815007054, 0.9568438674741028
380, 0.9615384615384616, 0.7948648965652446, 0.9628371841015518
385, 0.9551282051282052, 0.7856873131384656, 0.9568438674741028
390, 0.9615384615384616, 0.7766901301688097, 0.9628371841015518
395, 0.9615384615384616, 0.7677990368098524, 0.9628371841015518
400, 0.9615384615384616, 0.7590714490653181, 0.9628371841015518
405, 0.9615384615384616, 0.7504809000345883, 0.9628371841015518
410, 0.9615384615384616, 0.7420271357462551, 0.9628371841015518
415, 0.9615384615384616, 0.7337362691535909, 0.9628371841015518
420, 0.9615384615384616, 0.7255569904360363, 0.9628371841015518
425, 0.9615384615384616, 0.7175198993275785, 0.9628371841015518
430, 0.9615384615384616, 0.7096235218836868, 0.9628371841015518
435, 0.9615384615384616, 0.7018801576861504, 0.9628371841015518
440, 0.9615384615384616, 0.6942163040195114, 0.9628371841015518
445, 0.9615384615384616, 0.6866999676907046, 0.9628371841015518
450, 0.9615384615384616, 0.6793064980566778, 0.9628371841015518
455, 0.9615384615384616, 0.6720464863252739, 0.9628371841015518
460, 0.9615384615384616, 0.6649964459219058, 0.9628371841015518
465, 0.9615384615384616, 0.6579031589727166, 0.9628371841015518
470, 0.9615384615384616, 0.6509928835988088, 0.9628371841015518
475, 0.9615384615384616, 0.6441890256577012, 0.9628371841015518
480, 0.9615384615384616, 0.6375071637964193, 0.9628371841015518
485, 0.9615384615384616, 0.6310335256497014, 0.9628371841015518
490, 0.9615384615384616, 0.6244993272819854, 0.9628371841015518
495, 0.9615384615384616, 0.6181342367874748, 0.9628371841015518
500, 0.967948717948718, 0.6118884150148016, 0.9688334337867047
505, 0.9743589743589743, 0.6057405603870302, 0.9748354992198932
510, 0.9615384615384616, 0.5997579389563514, 0.9628371841015518
515, 0.9615384615384616, 0.5938033605375926, 0.9628371841015518
520, 0.9743589743589743, 0.5879372684853308, 0.9748354992198932
525, 0.9743589743589743, 0.582177546861112, 0.9748354992198932
530, 0.9743589743589743, 0.5765228839616854, 0.9748354992198932
535, 0.9743589743589743, 0.5709883324169145, 0.9748354992198932
540, 0.9743589743589743, 0.5655219309081242, 0.9748354992198932
545, 0.9743589743589743, 0.5601296046313998, 0.9748354992198932
550, 0.9743589743589743, 0.5548277702869528, 0.9748354992198932
555, 0.9743589743589743, 0.549622577738517, 0.9748354992198932
560, 0.9743589743589743, 0.544525429965835, 0.9748354992198932
565, 0.9743589743589743, 0.5394877376668529, 0.9748354992198932
570, 0.9743589743589743, 0.5345210696926633, 0.9748354992198932
575, 0.9743589743589743, 0.5296311783806354, 0.9748354992198932
580, 0.9743589743589743, 0.5248437731194057, 0.9748354992198932
585, 0.9743589743589743, 0.5201448707138293, 0.9748354992198932
590, 0.9743589743589743, 0.5154786000431679, 0.9748354992198932
595, 0.9743589743589743, 0.5109092869902786, 0.9748354992198932
600, 0.9743589743589743, 0.5063983519073996, 0.9748354992198932
605, 0.9743589743589743, 0.5019716219630984, 0.9748354992198932
610, 0.9743589743589743, 0.49761931776129575, 0.9748354992198932
615, 0.9743589743589743, 0.4933259285544639, 0.9748354992198932
620, 0.9743589743589743, 0.4890930500187541, 0.9748354992198932
625, 0.9743589743589743, 0.48494134272798406, 0.9748354992198932
630, 0.9743589743589743, 0.48084660884219016, 0.9748354992198932
635, 0.9743589743589743, 0.476815403407806, 0.9748354992198932
640, 0.9807692307692307, 0.4728361800343505, 0.9814759128548404
645, 0.9807692307692307, 0.46892476938462124, 0.9814759128548404
650, 0.9807692307692307, 0.46507836615719217, 0.9814759128548404
655, 0.9743589743589743, 0.4613407581220992, 0.9748354992198932
660, 0.9807692307692307, 0.4575709141134473, 0.9814759128548404
665, 0.9807692307692307, 0.45388457539704236, 0.9814759128548404
670, 0.9807692307692307, 0.45025407664810285, 0.9814759128548404
675, 0.9807692307692307, 0.44668836326356215, 0.9814759128548404
680, 0.9807692307692307, 0.4432146174720474, 0.9814759128548404
685, 0.9807692307692307, 0.4397173248960146, 0.9814759128548404
690, 0.9871794871794872, 0.43628391553847934, 0.9874384236453202
695, 0.9871794871794872, 0.43291836345307433, 0.9874384236453202
0, 0.27564102564102566, 2.1786121975604593, 0.8107202680067003
5, 0.2692307692307692, 2.0047728276533316, 0.5060637305445083
10, 0.32051282051282054, 1.9273612781582539, 0.24117560183133957
15, 0.3782051282051282, 1.8904879301743962, 0.2544292354213214
20, 0.3269230769230769, 1.8703404474451482, 0.5219490781387182
25, 0.34615384615384615, 1.8568855641624087, 0.5307692307692308
30, 0.34615384615384615, 1.8465623788380436, 0.544975845410628
35, 0.358974358974359, 1.8375794541569808, 0.5514014087975961
40, 0.36538461538461536, 1.8293542690723912, 0.5675041876046901
45, 0.3974358974358974, 1.8213114238190211, 0.6198978458805241
50, 0.38461538461538464, 1.813290568228279, 0.6038961038961039
55, 0.38461538461538464, 1.8051136287299236, 0.5947255614574597
60, 0.391025641025641, 1.796748921498541, 0.6033726033726033
65, 0.42948717948717946, 1.7881234893515483, 0.6513668430335097
70, 0.46794871794871795, 1.779239518977236, 0.3982992360475713
75, 0.46153846153846156, 1.7701660373773416, 0.4039887440920143
80, 0.4807692307692308, 1.7608844324339994, 0.4256435440965827
85, 0.4807692307692308, 1.751429789853452, 0.4256435440965827
90, 0.5064102564102564, 1.741569504626586, 0.471182988918838
95, 0.5833333333333334, 1.731632540882129, 0.576437510253485
100, 0.5833333333333334, 1.7213971883100532, 0.582834120142849
105, 0.5961538461538461, 1.711073161228498, 0.594433762788735
110, 0.6089743589743589, 1.7005831656660728, 0.614495559262172
115, 0.6474358974358975, 1.6897355835182122, 0.6580342491544804
120, 0.6730769230769231, 1.6789521877828308, 0.6867698929554601
125, 0.6794871794871795, 1.6678180768958315, 0.6945660449181577
130, 0.6987179487179487, 1.6567228949375299, 0.7120977367785878
135, 0.6923076923076923, 1.6455299494370064, 0.7076615938471608
140, 0.7115384615384616, 1.6339751174342088, 0.727936507936508
145, 0.7243589743589743, 1.6226983917053377, 0.7400363654233623
150, 0.75, 1.610996962794639, 0.7658430584407178
155, 0.75, 1.5993623702195232, 0.7658430584407178
160, 0.7564102564102564, 1.5877251534002907, 0.7719114577090576
165, 0.7884615384615384, 1.575746361070711, 0.8025908347193488
170, 0.8012820512820513, 1.5640614295786932, 0.8142970660334233
175, 0.8012820512820513, 1.5521653018504395, 0.8142733160987999
180, 0.8012820512820513, 1.5403036786757442, 0.8142733160987999
185, 0.8205128205128205, 1.528401248664469, 0.8323036662019713
190, 0.8397435897435898, 1.5163145744536246, 0.8506551416615217
195, 0.8333333333333334, 1.5044837836234957, 0.8432781870758679
200, 0.8397435897435898, 1.4926822689342767, 0.8492832439658805
205, 0.8461538461538461, 1.480879581269511, 0.8552672454668825
210, 0.8461538461538461, 1.4690329239430326, 0.8552672454668825
215, 0.8333333333333334, 1.457059931831083, 0.8430512016718913
220, 0.8525641025641025, 1.4454183100621116, 0.8611353299330108
225, 0.8525641025641025, 1.4337405728282755, 0.8611353299330108
230, 0.8589743589743589, 1.4221732382204433, 0.8671212046892628
235, 0.8589743589743589, 1.410576513369179, 0.8671212046892628
240, 0.8461538461538461, 1.3989652073957664, 0.8549089091817729
245, 0.8589743589743589, 1.3875840415623095, 0.8669823590101284
250, 0.8653846153846154, 1.3762650766049114, 0.8729874159001411
255, 0.8653846153846154, 1.365031214169591, 0.8729874159001411
260, 0.8717948717948718, 1.353775528823961, 0.8788344449772586
265, 0.8717948717948718, 1.3426196053664496, 0.8783443036316599
270, 0.8653846153846154, 1.331548128032043, 0.8728111051160052
275, 0.8717948717948718, 1.3206218139966877, 0.8788344449772586
280, 0.8717948717948718, 1.3097614496369994, 0.8788344449772586
285, 0.8782051282051282, 1.298842021350505, 0.8846650643383857
290, 0.8782051282051282, 1.2881953595745539, 0.8844247600970158
295, 0.8782051282051282, 1.277420912307518, 0.8844247600970158
300, 0.8910256410256411, 1.2668667653648833, 0.8965190235607658
305, 0.8910256410256411, 1.256345975162213, 0.8965190235607658
310, 0.8910256410256411, 1.2457869948892506, 0.8965190235607658
315, 0.8910256410256411, 1.2354481841664833, 0.8959982229699343
320, 0.8974358974358975, 1.2250123306596032, 0.9023397392212985
325, 0.8910256410256411, 1.21474695024178, 0.8965190235607658
330, 0.8910256410256411, 1.2045064608913576, 0.8965190235607658
335, 0.9038461538461539, 1.1942333980034106, 0.9081514288727196
340, 0.9038461538461539, 1.184138169753208, 0.9081514288727196
345, 0.9166666666666666, 1.173938762486421, 0.9202269420055265
350, 0.9166666666666666, 1.1638942153427005, 0.9202269420055265
355, 0.9166666666666666, 1.1538375027291345, 0.9202269420055265
360, 0.9166666666666666, 1.143755143522365, 0.9202269420055265
365, 0.9166666666666666, 1.1337987749832454, 0.9202269420055265
370, 0.9166666666666666, 1.123789839002392, 0.9202269420055265
375, 0.9166666666666666, 1.1138657373647614, 0.9202269420055265
380, 0.9166666666666666, 1.1039286625769114, 0.9202269420055265
385, 0.9166666666666666, 1.0939981087821438, 0.9202269420055265
390, 0.9166666666666666, 1.0841249959574388, 0.9202269420055265
395, 0.9230769230769231, 1.074223994803437, 0.9262427888457795
400, 0.9358974358974359, 1.0643701378373083, 0.9382449600235444
405, 0.9358974358974359, 1.0545335572255312, 0.9382449600235444
410, 0.9294871794871795, 1.0446910287100628, 0.932247845735792
415, 0.9358974358974359, 1.0349014165588777, 0.9382449600235444
420, 0.9423076923076923, 1.0250540975481859, 0.9448545488368497
425, 0.9423076923076923, 1.0152767609895808, 0.9448545488368497
430, 0.9423076923076923, 1.0054862073992508, 0.9448545488368497
435, 0.9423076923076923, 0.9958116301031623, 0.9448545488368497
440, 0.9423076923076923, 0.9860315077418801, 0.9448545488368497
445, 0.9423076923076923, 0.9763010712521739, 0.9448545488368497
450, 0.9423076923076923, 0.966591117499955, 0.9448545488368497
455, 0.9423076923076923, 0.9569237333705093, 0.9448545488368497
460, 0.9423076923076923, 0.9474192900384776, 0.9448545488368497
465, 0.9423076923076923, 0.9377235561718188, 0.9448545488368497
470, 0.9423076923076923, 0.9281413539763704, 0.9448545488368497
475, 0.9487179487179487, 0.9185679476279804, 0.9508506113769272
480, 0.9487179487179487, 0.9090372243644563, 0.9508506113769272
485, 0.9423076923076923, 0.8997185752808372, 0.9448545488368497
490, 0.9487179487179487, 0.890180873155233, 0.9508506113769272
495, 0.9487179487179487, 0.88081767133732, 0.9508506113769272
500, 0.9487179487179487, 0.8714804700475477, 0.9508506113769272
505, 0.9487179487179487, 0.862187890240336, 0.9508506113769272
510, 0.9487179487179487, 0.8530260962905635, 0.9508506113769272
515, 0.9487179487179487, 0.8438523600925879, 0.9508506113769272
520, 0.9487179487179487, 0.8347612567848693, 0.9508506113769272
525, 0.9551282051282052, 0.8257018652414302, 0.9568438674741028
530, 0.9487179487179487, 0.816730580361114, 0.9508506113769272
535, 0.9551282051282052, 0.8078290729268321, 0.9568438674741028
540, 0.9551282051282052, 0.7990278832486702, 0.9568438674741028
545, 0.9615384615384616, 0.7902810701207931, 0.9628371841015518
550, 0.9615384615384616, 0.7815890520725519, 0.9628371841015518
555, 0.9615384615384616, 0.7730041889006231, 0.9628371841015518
560, 0.9615384615384616, 0.7645067071146042, 0.9628371841015518
565, 0.9615384615384616, 0.7560780198476234, 0.9628371841015518
570, 0.9615384615384616, 0.7477315846762939, 0.9628371841015518
575, 0.9615384615384616, 0.7394788017253793, 0.9628371841015518
580, 0.9615384615384616, 0.7313528444284174, 0.9628371841015518
585, 0.9615384615384616, 0.7233026260296052, 0.9628371841015518
590, 0.9615384615384616, 0.7152932812091771, 0.9628371841015518
595, 0.9615384615384616, 0.7073972837035223, 0.9628371841015518
600, 0.9615384615384616, 0.6996152359328413, 0.9628371841015518
605, 0.9615384615384616, 0.6919620162545775, 0.9628371841015518
610, 0.9615384615384616, 0.6843609493267397, 0.9628371841015518
615, 0.967948717948718, 0.6768495091293046, 0.9695778891181189
620, 0.9871794871794872, 0.6694367149063077, 0.9874384236453202
625, 0.9871794871794872, 0.6621368439065288, 0.9874384236453202
630, 0.967948717948718, 0.6550094168573637, 0.9695778891181189
635, 0.9871794871794872, 0.6478583022569792, 0.9874384236453202
640, 0.9871794871794872, 0.6408515773555965, 0.9874384236453202
645, 0.9871794871794872, 0.6339214501273097, 0.9874384236453202
650, 0.9871794871794872, 0.6271164424529141, 0.9874384236453202
655, 0.9871794871794872, 0.6205304415504372, 0.9874384236453202
660, 0.9871794871794872, 0.613841624183379, 0.9874384236453202
665, 0.9871794871794872, 0.6073348983606741, 0.9874384236453202
670, 0.9871794871794872, 0.6008893067196451, 0.9874384236453202
675, 0.9871794871794872, 0.5945651935534284, 0.9874384236453202
680, 0.9871794871794872, 0.5884248837239365, 0.9874384236453202
685, 0.9871794871794872, 0.5822311421550237, 0.9874384236453202
690, 0.9871794871794872, 0.5761912301107321, 0.9874384236453202
695, 0.9871794871794872, 0.570235435652802, 0.9874384236453202
0, 0.27564102564102566, 2.778090949744412, 0.8107202680067003
5, 0.27564102564102566, 2.3478433445031177, 0.8107202680067003
10, 0.2692307692307692, 2.1229623231310906, 0.4761904761904762
15, 0.24358974358974358, 2.008262409976658, 0.535327208357768
20, 0.33974358974358976, 1.9475076784854293, 0.25028597574925643
25, 0.40384615384615385, 1.9101608377197936, 0.3059736437219881
30, 0.5, 1.8861532901365734, 0.3837341833285038
35, 0.5705128205128205, 1.8685970716065397, 0.44344193817878025
40, 0.5961538461538461, 1.8550867092764243, 0.7987874755092234
45, 0.6025641025641025, 1.8437644693347948, 0.8042698042698042
50, 0.6089743589743589, 1.833074553972837, 0.813259999251693
55, 0.6089743589743589, 1.822829849986042, 0.8139884306212907
60, 0.6089743589743589, 1.8128301367123776, 0.8139884306212907
65, 0.6089743589743589, 1.8029662583578239, 0.8139884306212907
70, 0.6153846153846154, 1.7931836808615818, 0.81608939377065
75, 0.6217948717948718, 1.7834496591169342, 0.823324727803345
80, 0.6217948717948718, 1.7735857868464417, 0.8251835121400338
85, 0.6217948717948718, 1.7635752426665836, 0.8251835121400338
90, 0.6346153846153846, 1.753424983235339, 0.8335387488328664
95, 0.6217948717948718, 1.7432447866964804, 0.8205784204671858
100, 0.6346153846153846, 1.7330204940600293, 0.8325515598242871
105, 0.6410256410256411, 1.7227121759153612, 0.8390391738691211
110, 0.6474358974358975, 1.7121459056224568, 0.8435854341736695
115, 0.6474358974358975, 1.7014067672844715, 0.8435854341736695
120, 0.6282051282051282, 1.69059983035455, 0.8270324523251924
125, 0.6410256410256411, 1.6797221686624317, 0.8380686055182699
130, 0.6410256410256411, 1.6687551900136675, 0.8380686055182699
135, 0.6410256410256411, 1.6575426620009, 0.8380686055182699
140, 0.6410256410256411, 1.6461220521624158, 0.8380686055182699
145, 0.6410256410256411, 1.6347835390020025, 0.8380686055182699
150, 0.6410256410256411, 1.6232751501670832, 0.8380686055182699
155, 0.6410256410256411, 1.6116188921251675, 0.8380686055182699
160, 0.6410256410256411, 1.599890591437846, 0.8380686055182699
165, 0.6410256410256411, 1.587891617614479, 0.8380686055182699
170, 0.6410256410256411, 1.576035291071706, 0.8380686055182699
175, 0.6410256410256411, 1.564063826471157, 0.8380686055182699
180, 0.6410256410256411, 1.5519736834778162, 0.8380686055182699
185, 0.6474358974358975, 1.539831818835268, 0.5213076713076713
190, 0.6474358974358975, 1.5274980432130159, 0.5213076713076713
195, 0.6730769230769231, 1.515334936823612, 0.5814814814814814
200, 0.6858974358974359, 1.5031999060866572, 0.6084350547730829
205, 0.6923076923076923, 1.4909325347776732, 0.6212418300653595
210, 0.7307692307692307, 1.4786432280953785, 0.6902858999350228
215, 0.7435897435897436, 1.4662191233016975, 0.7108243773274996
220, 0.75, 1.4540563614063469, 0.7207070707070707
225, 0.7756410256410257, 1.441845666035523, 0.7553500490491046
230, 0.7756410256410257, 1.4296521777910876, 0.7553500490491046
235, 0.8076923076923077, 1.4174637479589425, 0.7960086054768891
240, 0.8141025641025641, 1.4052516872173755, 0.8088041720753342
245, 0.8525641025641025, 1.3932048969253696, 0.8512460330642148
250, 0.8461538461538461, 1.381249129606611, 0.8445873022144209
255, 0.8525641025641025, 1.3692743075766802, 0.8518518518518517
260, 0.8589743589743589, 1.3573501981932699, 0.8590290757466663
265, 0.8782051282051282, 1.345498314350588, 0.8800934458175987
270, 0.8782051282051282, 1.3337074570643368, 0.8800934458175987
275, 0.8846153846153846, 1.3220967868452238, 0.8861124636654715
280, 0.8846153846153846, 1.3104607216656574, 0.8861124636654715
285, 0.8910256410256411, 1.2988594679026841, 0.8930044253915264
290, 0.8846153846153846, 1.2874868848652332, 0.8877467165602759
295, 0.9038461538461539, 1.2760139865520337, 0.906611479633792
300, 0.9038461538461539, 1.2647637394593931, 0.906611479633792
305, 0.9038461538461539, 1.253534845886952, 0.906611479633792
310, 0.9038461538461539, 1.242305015851826, 0.906611479633792
315, 0.9038461538461539, 1.231328750917774, 0.906611479633792
320, 0.9102564102564102, 1.2202263388993526, 0.9133362494228573
325, 0.9102564102564102, 1.209340931527894, 0.9133362494228573
330, 0.9102564102564102, 1.1984955941432518, 0.9133362494228573
335, 0.9230769230769231, 1.187628925309278, 0.9266515732032973
340, 0.9230769230769231, 1.1770003870065724, 0.9266515732032973
345, 0.9230769230769231, 1.16629812407001, 0.9266515732032973
350, 0.9230769230769231, 1.1557341082003831, 0.9266515732032973
355, 0.9294871794871795, 1.1452326314123848, 0.9326981421716164
360, 0.9230769230769231, 1.134717848829815, 0.9266515732032973
365, 0.9358974358974359, 1.124391972648286, 0.9387293992557151
370, 0.9423076923076923, 1.1140268740812846, 0.944748247845593
375, 0.9423076923076923, 1.1037772060323414, 0.944748247845593
380, 0.9423076923076923, 1.0935655559636406, 0.944748247845593
385, 0.9423076923076923, 1.083389457268235, 0.944748247845593
390, 0.9423076923076923, 1.07331878151687, 0.944748247845593
395, 0.9423076923076923, 1.0633044943777885, 0.944748247845593
400, 0.9358974358974359, 1.0533314765454074, 0.9388528138528138
405, 0.9358974358974359, 1.0434380412243405, 0.9388528138528138
410, 0.9423076923076923, 1.0335409049949276, 0.944748247845593
415, 0.9358974358974359, 1.0237390603459924, 0.9388528138528138
420, 0.9358974358974359, 1.0140004729686862, 0.9388528138528138
425, 0.9358974358974359, 1.0043192387184046, 0.9388528138528138
430, 0.9358974358974359, 0.9946986942092778, 0.9388528138528138
435, 0.9423076923076923, 0.9851375691598119, 0.944748247845593
440, 0.9358974358974359, 0.9755627753335064, 0.9388528138528138
445, 0.9423076923076923, 0.9661198233135173, 0.9448545488368497
450, 0.9423076923076923, 0.9567236109048448, 0.9448545488368497
455, 0.9423076923076923, 0.9473811942532964, 0.9448545488368497
460, 0.9487179487179487, 0.9381958234216885, 0.9507575757575758
465, 0.9423076923076923, 0.9288525065215547, 0.9448545488368497
470, 0.9423076923076923, 0.9196905094995805, 0.9448545488368497
475, 0.9423076923076923, 0.9106006024478719, 0.9448545488368497
480, 0.9423076923076923, 0.9015383430575403, 0.9448545488368497
485, 0.9423076923076923, 0.8927155441276335, 0.9448545488368497
490, 0.9487179487179487, 0.8836584956603694, 0.9508506113769272
495, 0.9487179487179487, 0.8747979504661803, 0.9508506113769272
500, 0.9487179487179487, 0.8660452817115364, 0.9508506113769272
505, 0.9487179487179487, 0.8572940776387248, 0.9508506113769272
510, 0.9487179487179487, 0.8487581872673305, 0.9508506113769272
515, 0.9487179487179487, 0.8400985990491581, 0.9508506113769272
520, 0.9487179487179487, 0.8315809025182591, 0.9508506113769272
525, 0.9487179487179487, 0.8231704606264932, 0.9508506113769272
530, 0.9487179487179487, 0.8147769252303269, 0.9508506113769272
535, 0.9487179487179487, 0.8065442917154909, 0.9508506113769272
540, 0.9487179487179487, 0.7982869921178585, 0.9508506113769272
545, 0.9551282051282052, 0.7901592681935621, 0.9568438674741028
550, 0.9551282051282052, 0.7821015249448344, 0.9568438674741028
555, 0.9487179487179487, 0.7740973003750324, 0.9508506113769272
560, 0.9487179487179487, 0.7662377245249126, 0.9508506113769272
565, 0.9551282051282052, 0.7583758622792577, 0.9568438674741028
570, 0.9551282051282052, 0.7506383927020153, 0.9568438674741028
575, 0.9551282051282052, 0.7429577839919816, 0.9568438674741028
580, 0.9551282051282052, 0.7353833694803977, 0.9568438674741028
585, 0.9551282051282052, 0.7278963629700297, 0.9568438674741028
590, 0.9551282051282052, 0.7204489197782596, 0.9568438674741028
595, 0.9551282051282052, 0.7131169843731696, 0.9568438674741028
600, 0.9551282051282052, 0.7058635096535628, 0.9568438674741028
605, 0.9551282051282052, 0.6986893290338416, 0.9568438674741028
610, 0.9551282051282052, 0.6915930287557116, 0.9568438674741028
615, 0.9551282051282052, 0.6845890384983867, 0.9568438674741028
620, 0.9615384615384616, 0.6776706246261357, 0.9628371841015518
625, 0.9615384615384616, 0.6708369966259001, 0.9628371841015518
630, 0.9615384615384616, 0.6640975208095048, 0.9628371841015518
635, 0.9615384615384616, 0.6573971310397658, 0.9628371841015518
640, 0.9615384615384616, 0.650803523456834, 0.9628371841015518
645, 0.9615384615384616, 0.6443090877956507, 0.9628371841015518
650, 0.967948717948718, 0.6378886560874057, 0.9688334337867047
655, 0.9615384615384616, 0.631635458133494, 0.9628371841015518
660, 0.967948717948718, 0.6253058267089407, 0.9688334337867047
665, 0.9743589743589743, 0.619114626316675, 0.9748354992198932
670, 0.9743589743589743, 0.6130370725904921, 0.9748354992198932
675, 0.9743589743589743, 0.6070169234781558, 0.9748354992198932
680, 0.9743589743589743, 0.6011804001707782, 0.9748354992198932
685, 0.9743589743589743, 0.595250223280963, 0.9748354992198932
690, 0.9743589743589743, 0.5894552573079371, 0.9748354992198932
695, 0.9743589743589743, 0.5837807549526683, 0.9748354992198932
0, 0.3974358974358974, 2.0981983604524768, 0.6003042914037678
5, 0.48717948717948717, 1.99475232919049, 0.7060278902384166
10, 0.5064102564102564, 1.9444435088316903, 0.727925925925926
15, 0.532051282051282, 1.9167293131470124, 0.751364577451534
20, 0.5384615384615384, 1.8991940025086762, 0.7552941176470588
25, 0.5448717948717948, 1.8869672193351448, 0.7625113739763422
30, 0.5641025641025641, 1.8768940580927176, 0.7777021405339989
35, 0.5769230769230769, 1.8678837266638435, 0.789136649514008
40, 0.5769230769230769, 1.8590786714878902, 0.789136649514008
45, 0.5897435897435898, 1.8504194879073543, 0.7966386554621848
50, 0.5961538461538461, 1.8419986095865357, 0.8028939871045134
55, 0.5961538461538461, 1.8336609422927603, 0.8044897189209582
60, 0.6025641025641025, 1.8253133009111302, 0.8092603049124789
65, 0.6153846153846154, 1.8168865575951543, 0.8186759634128055
70, 0.6025641025641025, 1.8085035910882608, 0.8068978374347502
75, 0.6089743589743589, 1.8000966457645875, 0.813259999251693
80, 0.6282051282051282, 1.7917060035461896, 0.8306357291077155
85, 0.6282051282051282, 1.7832140503951326, 0.8306357291077155
90, 0.6282051282051282, 1.7745797886961252, 0.8306357291077155
95, 0.6089743589743589, 1.7660276094080989, 0.813259999251693
100, 0.6282051282051282, 1.757261296841789, 0.8306357291077155
105, 0.6282051282051282, 1.7485095341616572, 0.8306357291077155
110, 0.6282051282051282, 1.7395589954011395, 0.8306357291077155
115, 0.6282051282051282, 1.7304103520434186, 0.8306357291077155
120, 0.6282051282051282, 1.7212703140410464, 0.8298399819697995
125, 0.6282051282051282, 1.7118700750606548, 0.8306357291077155
130, 0.6282051282051282, 1.7024241708859098, 0.8306357291077155
135, 0.6282051282051282, 1.692744257366965, 0.8306357291077155
140, 0.6346153846153846, 1.6827841748133965, 0.8353096179183135
145, 0.6346153846153846, 1.6728745899023734, 0.8353096179183135
150, 0.6346153846153846, 1.662631210917127, 0.8353096179183135
155, 0.6346153846153846, 1.6522564506442434, 0.8353096179183135
160, 0.6346153846153846, 1.6417288206895388, 0.8353096179183135
165, 0.6666666666666666, 1.6308383118239578, 0.5785388905100023
170, 0.6794871794871795, 1.6200011622671868, 0.6054106280193235
175, 0.7115384615384616, 1.608871741562735, 0.6653565662751211
180, 0.7243589743589743, 1.5975881967505496, 0.6869310958555811
185, 0.75, 1.5861385719319243, 0.7267724623705506
190, 0.7948717948717948, 1.574374021923726, 0.7881830858396611
195, 0.8076923076923077, 1.562645102538991, 0.8042157773756542
200, 0.8205128205128205, 1.5507677928362227, 0.81970692431562
205, 0.8269230769230769, 1.5386944169195405, 0.827268535418548
210, 0.8397435897435898, 1.5264710966545925, 0.8420590797497427
215, 0.8525641025641025, 1.513968451302778, 0.8564495890582847
220, 0.8589743589743589, 1.5015553533752095, 0.8635101755306359
225, 0.8782051282051282, 1.4889752648974668, 0.8842214695121576
230, 0.8782051282051282, 1.4763168791075063, 0.8842214695121576
235, 0.8846153846153846, 1.4635248333688464, 0.8909862142099682
240, 0.8910256410256411, 1.450573992128007, 0.8971379856290342
245, 0.8910256410256411, 1.4376390574302849, 0.8971379856290342
250, 0.8910256410256411, 1.4246867282979134, 0.8971379856290342
255, 0.8910256410256411, 1.411654033950284, 0.8971379856290342
260, 0.8910256410256411, 1.398537123183158, 0.8971379856290342
265, 0.8910256410256411, 1.3854295977662419, 0.8971379856290342
270, 0.8910256410256411, 1.3722097424509039, 0.8971379856290342
275, 0.8910256410256411, 1.3591098566123772, 0.8971379856290342
280, 0.8910256410256411, 1.3459980059706755, 0.8971379856290342
285, 0.8910256410256411, 1.3327747516633057, 0.8971379856290342
290, 0.8974358974358975, 1.3197946605844824, 0.9037247561008935
295, 0.8974358974358975, 1.306559586208773, 0.9037247561008935
300, 0.9038461538461539, 1.293559864693385, 0.9096457228342173
305, 0.9038461538461539, 1.2805932111227492, 0.9096457228342173
310, 0.9102564102564102, 1.2675450464617963, 0.9161538331129421
315, 0.9038461538461539, 1.2547936257350947, 0.910187864815814
320, 0.9102564102564102, 1.2418313755650316, 0.9161538331129421
325, 0.9102564102564102, 1.2291428037520225, 0.9161538331129421
330, 0.9102564102564102, 1.2165287316991629, 0.9161538331129421
335, 0.9038461538461539, 1.2038467361528407, 0.9090311147833271
340, 0.9038461538461539, 1.1914978161459127, 0.9090311147833271
345, 0.9038461538461539, 1.178996214310058, 0.9090311147833271
350, 0.9038461538461539, 1.1667598920774218, 0.9090311147833271
355, 0.9038461538461539, 1.1546187178211407, 0.9090311147833271
360, 0.8974358974358975, 1.142450147095011, 0.9019311138631014
365, 0.8974358974358975, 1.130570075665956, 0.9019311138631014
370, 0.9038461538461539, 1.1186719859046572, 0.9080047141844894
375, 0.9038461538461539, 1.1069846744895224, 0.9080047141844894
380, 0.9038461538461539, 1.0953748628464213, 0.9080047141844894
385, 0.9038461538461539, 1.083835607898876, 0.9080047141844894
390, 0.9038461538461539, 1.0724944751399412, 0.9080047141844894
395, 0.9102564102564102, 1.0612594289482153, 0.9140643452441205
400, 0.9102564102564102, 1.0501687832975524, 0.9140643452441205
405, 0.9102564102564102, 1.0391926895260464, 0.9140643452441205
410, 0.9102564102564102, 1.0282679475205574, 0.9140643452441205
415, 0.9102564102564102, 1.0175508811533365, 0.9140643452441205
420, 0.9102564102564102, 1.0069247313121774, 0.9140643452441205
425, 0.9102564102564102, 0.9964564788671041, 0.9140643452441205
430, 0.9102564102564102, 0.9860978957252485, 0.9140643452441205
435, 0.9102564102564102, 0.9758705360177486, 0.9140643452441205
440, 0.9102564102564102, 0.9657197707271546, 0.9140643452441205
445, 0.9102564102564102, 0.9557289516843158, 0.9140643452441205
450, 0.9230769230769231, 0.9458737773650169, 0.926153389865758
455, 0.9230769230769231, 0.9361390064580808, 0.926153389865758
460, 0.9102564102564102, 0.9266085367896816, 0.9140643452441205
465, 0.9166666666666666, 0.9170120303129002, 0.9201129320449196
470, 0.9230769230769231, 0.9076372559847615, 0.926153389865758
475, 0.9230769230769231, 0.8983774194969899, 0.926153389865758
480, 0.9230769230769231, 0.8892151066353211, 0.926153389865758
485, 0.9230769230769231, 0.8803218898996646, 0.926153389865758
490, 0.9230769230769231, 0.8712940361070298, 0.926153389865758
495, 0.9230769230769231, 0.8625026162575602, 0.926153389865758
500, 0.9230769230769231, 0.8538361437026686, 0.926153389865758
505, 0.9230769230769231, 0.8452468820589871, 0.926153389865758
510, 0.9230769230769231, 0.8368653237458108, 0.926153389865758
515, 0.9230769230769231, 0.8284874924103942, 0.926153389865758
520, 0.9230769230769231, 0.820252078618103, 0.926153389865758
525, 0.9230769230769231, 0.8121240684312335, 0.926153389865758
530, 0.9230769230769231, 0.8040882612106297, 0.926153389865758
535, 0.9230769230769231, 0.7962198255418764, 0.926153389865758
540, 0.9230769230769231, 0.7883903728354164, 0.926153389865758
545, 0.9230769230769231, 0.7807032293380198, 0.926153389865758
550, 0.9230769230769231, 0.7730953266915356, 0.926153389865758
555, 0.9230769230769231, 0.7655854253484676, 0.926153389865758
560, 0.9230769230769231, 0.7582245769004345, 0.926153389865758
565, 0.9230769230769231, 0.7509209374822404, 0.926153389865758
570, 0.9230769230769231, 0.7437290158635986, 0.926153389865758
575, 0.9294871794871795, 0.7366165529818914, 0.9321886289481144
580, 0.9230769230769231, 0.7296234493750793, 0.926153389865758
585, 0.9230769230769231, 0.7227403694633278, 0.926153389865758
590, 0.9358974358974359, 0.7159144546847533, 0.9382215591773576
595, 0.9358974358974359, 0.7091962899713118, 0.9382215591773576
600, 0.9358974358974359, 0.7025640940792899, 0.9382215591773576
605, 0.9423076923076923, 0.6960215640688201, 0.9441585699035625
610, 0.9423076923076923, 0.689596096795825, 0.9441585699035625
615, 0.9423076923076923, 0.6832295416618711, 0.9441585699035625
620, 0.9423076923076923, 0.6769474195165998, 0.9441585699035625
625, 0.9423076923076923, 0.6707631201584008, 0.9441585699035625
630, 0.9423076923076923, 0.6646776085035742, 0.9441585699035625
635, 0.9423076923076923, 0.6586605612132169, 0.9441585699035625
640, 0.9487179487179487, 0.652708529917606, 0.9501992152091548
645, 0.9487179487179487, 0.6468481641458275, 0.9501992152091548
650, 0.9487179487179487, 0.6410777666704438, 0.9501992152091548
655, 0.9423076923076923, 0.6354557464609748, 0.9441585699035625
660, 0.9487179487179487, 0.6298039110713721, 0.9501992152091548
665, 0.9487179487179487, 0.6242512847276772, 0.9501992152091548
670, 0.9487179487179487, 0.6187658550647387, 0.9501992152091548
675, 0.9487179487179487, 0.6133773057032454, 0.9501992152091548
680, 0.9487179487179487, 0.6081260017071204, 0.9501992152091548
685, 0.9487179487179487, 0.6028434326689781, 0.9501992152091548
690, 0.9487179487179487, 0.5976530910988478, 0.9501992152091548
695, 0.9487179487179487, 0.5925450386993419, 0.9501992152091548
