0, 0.3489583333333333, 1.5887265939969015
5, 0.6510416666666666, 1.303868621503282
10, 0.6510416666666666, 1.2843187646108447
15, 0.6510416666666666, 1.282076420833883
20, 0.6510416666666666, 1.2810836873965905
25, 0.6510416666666666, 1.2801864044072353
30, 0.6510416666666666, 1.2792933728045524
35, 0.6510416666666666, 1.2783967356527477
40, 0.6510416666666666, 1.2774953799289788
45, 0.6510416666666666, 1.2765887506549978
50, 0.6510416666666666, 1.2756763461437939
55, 0.6510416666666666, 1.2747576763074275
60, 0.6510416666666666, 1.2738322588464968
65, 0.6510416666666666, 1.2728996185737216
70, 0.6510416666666666, 1.2719592870331506
75, 0.6510416666666666, 1.2710108021843567
80, 0.6510416666666666, 1.270053708132972
85, 0.6510416666666666, 1.2690875549057028
90, 0.6510416666666666, 1.268111898269351
95, 0.6510416666666666, 1.267126299593517
100, 0.6510416666666666, 1.2661303257568182
105, 0.6510416666666666, 1.2651235490967279
110, 0.6510416666666666, 1.2641055474031975
115, 0.6510416666666666, 1.263075903956488
120, 0.6510416666666666, 1.262034207609736
125, 0.6510416666666666, 1.260980052916969
130, 0.6510416666666666, 1.2599130403073515
135, 0.6510416666666666, 1.2588327763066254
140, 0.6510416666666666, 1.2577388738067121
145, 0.6510416666666666, 1.256630952384605
150, 0.6510416666666666, 1.2555086386715542
155, 0.6510416666666666, 1.25437156677376
160, 0.6510416666666666, 1.2532193787455193
165, 0.6510416666666666, 1.252051725115877
170, 0.6510416666666666, 1.250868265469555
175, 0.6510416666666666, 1.2496686690828518
180, 0.6510416666666666, 1.2484526156148692
185, 0.6510416666666666, 1.2472197958541924
190, 0.6510416666666666, 1.245969912520646
195, 0.6510416666666666, 1.2447026811214232
200, 0.6510416666666666, 1.2434178308602075
205, 0.6510416666666666, 1.2421151055973627
210, 0.6510416666666666, 1.2407942648585093
215, 0.6510416666666666, 1.2394550848879824
220, 0.6510416666666666, 1.2380973597428486
225, 0.6510416666666666, 1.2367209024220922
230, 0.6510416666666666, 1.2353255460246173
235, 0.6510416666666666, 1.2339111449286129
240, 0.6510416666666666, 1.2324775759836322
245, 0.6510416666666666, 1.2310247397056409
250, 0.6510416666666666, 1.229552561464119
255, 0.6510416666666666, 1.228060992649151
260, 0.6510416666666666, 1.2265500118054251
265, 0.6510416666666666, 1.2250196257190777
270, 0.6510416666666666, 1.2234698704425078
275, 0.6510416666666666, 1.2219008122417132
280, 0.6510416666666666, 1.220312548450184
285, 0.6510416666666666, 1.2187052082134058
290, 0.6510416666666666, 1.2170789531080317
295, 0.6510416666666666, 1.2154339776204361
300, 0.6510416666666666, 1.2137705094700897
305, 0.6510416666666666, 1.2120888097645661
310, 0.6510416666666666, 1.2103891729744782
315, 0.6510416666666666, 1.2086719267188037
320, 0.6510416666666666, 1.2069374313532515
325, 0.6510416666666666, 1.2051860793571016
330, 0.6510416666666666, 1.2034182945168455
335, 0.65234375, 1.2016345309081244
340, 0.6536458333333334, 1.199835271680649
345, 0.6549479166666666, 1.198021027654245
350, 0.6549479166666666, 1.1961923357372657
355, 0.6549479166666666, 1.1943497571818023
360, 0.6549479166666666, 1.1924938756930368
365, 0.6536458333333334, 1.1906252954124712
370, 0.6549479166666666, 1.1887446387970837
375, 0.6588541666666666, 1.1868525444179276
380, 0.6588541666666666, 1.18494966470297
385, 0.6588541666666666, 1.1830366636493816
390, 0.6614583333333334, 1.1811142145306066
395, 0.6640625, 1.1791829976228907
400, 0.66796875, 1.1772436979748198
405, 0.6692708333333334, 1.1752970032419452
410, 0.6705729166666666, 1.1733436016063903
415, 0.671875, 1.171384179799105
420, 0.6731770833333334, 1.1694194212396984
425, 0.6744791666666666, 1.1674500043060512
430, 0.67578125, 1.165476600742926
435, 0.6783854166666666, 1.1634998742159552
440, 0.6783854166666666, 1.1615204790145073
445, 0.6809895833333334, 1.1595390589043089
450, 0.6796875, 1.1575562461281501
455, 0.6848958333333334, 1.1555726605508572
460, 0.6861979166666666, 1.1535889089427451
465, 0.6861979166666666, 1.1516055843941464
470, 0.6848958333333334, 1.1496232658523813
475, 0.6861979166666666, 1.1476425177714422
480, 0.6861979166666666, 1.1456638898641465
485, 0.69140625, 1.1436879169460215
490, 0.6927083333333334, 1.1417151188601664
495, 0.6940104166666666, 1.1397460004723816
500, 0.6940104166666666, 1.1377810517262772
505, 0.6940104166666666, 1.1358207477485207
510, 0.7005208333333334, 1.1338655489949583
515, 0.69921875, 1.131915901429273
520, 0.69921875, 1.12997223672635
525, 0.703125, 1.1280349724936543
530, 0.70703125, 1.1261045125045819
535, 0.7044270833333334, 1.1241812469386887
540, 0.7057291666666666, 1.1222655526245047
545, 0.7083333333333334, 1.1203577932813877
550, 0.7096354166666666, 1.1184583197577231
555, 0.7122395833333334, 1.1165674702632518
560, 0.7135416666666666, 1.1146855705941572
565, 0.71484375, 1.1128129343498367
570, 0.7161458333333334, 1.1109498631409682
575, 0.7174479166666666, 1.1090966467887207
580, 0.71875, 1.1072535635153817
585, 0.7200520833333334, 1.105420880126936
590, 0.71875, 1.1035988521882605
595, 0.7213541666666666, 1.1017877241919118
600, 0.7252604166666666, 1.099987729721391
605, 0.7252604166666666, 1.0981990916100448
610, 0.7252604166666666, 1.096422022096596
615, 0.7265625, 1.0946567229784272
620, 0.7278645833333334, 1.0929033857636503
625, 0.7252604166666666, 1.091162191822914
630, 0.7252604166666666, 1.0894333125418927
635, 0.7239583333333334, 1.0877169094752512
640, 0.72265625, 1.086013134502818
645, 0.72265625, 1.084322129988571
650, 0.7213541666666666, 1.0826440289429624
655, 0.7265625, 1.080978955188954
660, 0.73046875, 1.0793270235320913
665, 0.73046875, 1.0776883399347748
670, 0.7317708333333334, 1.07606300169485
675, 0.7317708333333334, 1.0744510976284767
680, 0.73046875, 1.0728527082572559
685, 0.7291666666666666, 1.0712679059993828
690, 0.73046875, 1.0696967553646577
695, 0.73046875, 1.0681393131530197
700, 0.7317708333333334, 1.0665956286563185
705, 0.734375, 1.0650657438628766
710, 0.7369791666666666, 1.0635496936644797
715, 0.7395833333333334, 1.0620475060653398
720, 0.7395833333333334, 1.06055920239255
725, 0.7408854166666666, 1.0590847975075859
730, 0.7408854166666666, 1.0576243000183565
735, 0.7434895833333334, 1.0561777124913447
740, 0.7447916666666666, 1.0547450316633522
745, 0.74609375, 1.053326248652391
750, 0.7447916666666666, 1.0519213491672703
755, 0.74609375, 1.0505303137154927
760, 0.7486979166666666, 1.049153117808974
765, 0.7513020833333334, 1.0477897321672864
770, 0.7513020833333334, 1.0464401229180225
775, 0.7513020833333334, 1.045104251793957
780, 0.7486979166666666, 1.043782076326713
785, 0.7486979166666666, 1.0424735500366713
790, 0.74609375, 1.041178622618838
795, 0.7473958333333334, 1.0398972401245252
800, 0.7526041666666666, 1.0386293451385793
805, 0.75390625, 1.0373748769520683
810, 0.75390625, 1.0361337717302652
815, 0.75390625, 1.0349059626758266
820, 0.75390625, 1.0336913801870917
825, 0.75390625, 1.032489952011444
830, 0.7526041666666666, 1.0313016033937268
835, 0.7526041666666666, 1.0301262572196572
840, 0.75390625, 1.028963834154286
845, 0.75390625, 1.0278142527755205
850, 0.7565104166666666, 1.026677429702733
855, 0.7565104166666666, 1.0255532797205607
860, 0.7565104166666666, 1.0244417158979005
865, 0.7552083333333334, 1.0233426497022482
870, 0.7552083333333334, 1.0222559911094464
875, 0.7552083333333334, 1.0211816487089276
880, 0.75390625, 1.0201195298046073
885, 0.7526041666666666, 1.0190695405115042
890, 0.7526041666666666, 1.018031585848248
895, 0.7526041666666666, 1.0170055698255507
900, 0.7526041666666666, 1.0159913955308475
905, 0.75390625, 1.0149889652091602
910, 0.75390625, 1.0139981803403897
915, 0.75390625, 1.0130189417131232
920, 0.7552083333333334, 1.0120511494951079
925, 0.7552083333333334, 1.0110947033005477
930, 0.7552083333333334, 1.0101495022543217
935, 0.75390625, 1.0092154450532742
940, 0.75390625, 1.0082924300247238
945, 0.7565104166666666, 1.0073803551822662
950, 0.7565104166666666, 1.0064791182790709
955, 0.7565104166666666, 1.0055886168587187
960, 0.7565104166666666, 1.004708748303728
965, 0.7565104166666666, 1.0038394098819081
970, 0.7591145833333334, 1.0029804987906024
975, 0.7591145833333334, 1.0021319121989405
980, 0.7578125, 1.0012935472882398
985, 0.7578125, 1.0004653012905773
990, 0.7591145833333334, 0.9996470715256988
995, 0.7604166666666666, 0.9988387554362892
1000, 0.7604166666666666, 0.9980402506217492
1005, 0.7604166666666666, 0.9972514548704882
1010, 0.7604166666666666, 0.9964722661908733
1015, 0.7604166666666666, 0.995702582840849
1020, 0.76171875, 0.9949423033563464
1025, 0.76171875, 0.9941913265784916
1030, 0.7630208333333334, 0.9934495516796962
1035, 0.7630208333333334, 0.9927168781887158
1040, 0.7630208333333334, 0.9919932060146405
1045, 0.7643229166666666, 0.9912784354699765
1050, 0.7643229166666666, 0.990572467292761
1055, 0.7643229166666666, 0.989875202667812
1060, 0.765625, 0.9891865432471394
1065, 0.765625, 0.9885063911695379
1070, 0.765625, 0.9878346490793953
1075, 0.765625, 0.9871712201447685
1080, 0.7669270833333334, 0.9865160080747303
1085, 0.7669270833333334, 0.9858689171360034
1090, 0.7682291666666666, 0.9852298521689565
1095, 0.7682291666666666, 0.9845987186029116
1100, 0.7682291666666666, 0.9839754224708304
1105, 0.7682291666666666, 0.9833598704233951
1110, 0.7682291666666666, 0.9827519697424646
1115, 0.7669270833333334, 0.9821516283539636
1120, 0.7669270833333334, 0.9815587548401862
1125, 0.7669270833333334, 0.9809732584515481
1130, 0.765625, 0.9803950491177753
1135, 0.765625, 0.9798240374585635
1140, 0.765625, 0.9792601347936954
1145, 0.765625, 0.9787032531526529
1150, 0.765625, 0.9781533052836973
1155, 0.765625, 0.977610204662441
1160, 0.7643229166666666, 0.9770738654999414
1165, 0.7643229166666666, 0.9765442027502872
1170, 0.7643229166666666, 0.9760211321176792
1175, 0.7643229166666666, 0.9755045700630744
1180, 0.765625, 0.9749944338103212
1185, 0.765625, 0.9744906413518359
1190, 0.765625, 0.9739931114538184
1195, 0.765625, 0.9735017636610203
1200, 0.765625, 0.9730165183010494
1205, 0.7643229166666666, 0.9725372964882335
1210, 0.765625, 0.9720640201270538
1215, 0.765625, 0.9715966119151455
1220, 0.765625, 0.9711349953458717
1225, 0.7643229166666666, 0.9706790947104733
1230, 0.7643229166666666, 0.9702288350998284
1235, 0.7630208333333334, 0.9697841424057768
1240, 0.7630208333333334, 0.9693449433220919
1245, 0.7643229166666666, 0.9689111653450162
1250, 0.765625, 0.9684827367734549
1255, 0.765625, 0.968059586708772
1260, 0.765625, 0.9676416450542429
1265, 0.765625, 0.967228842514129
1270, 0.765625, 0.9668211105924257
1275, 0.765625, 0.9664183815912625
1280, 0.7669270833333334, 0.9660205886089636
1285, 0.7669270833333334, 0.965627665537821
1290, 0.7669270833333334, 0.9652395470615174
1295, 0.7669270833333334, 0.9648561686522776
