0, 0.3489583333333333, 1.5258445351302186
5, 0.6510416666666666, 1.298472898277844
10, 0.6510416666666666, 1.2951723584968313
15, 0.6510416666666666, 1.293829385161646
20, 0.6510416666666666, 1.2924867844214452
25, 0.6510416666666666, 1.291117348381945
30, 0.6510416666666666, 1.2897135729601275
35, 0.6510416666666666, 1.2882680803596103
40, 0.6510416666666666, 1.2867733802778767
45, 0.6510416666666666, 1.2852218424952997
50, 0.6510416666666666, 1.2836056777720468
55, 0.6510416666666666, 1.2819169263679417
60, 0.6510416666666666, 1.280147455262978
65, 0.6510416666666666, 1.2782889652353604
70, 0.6510416666666666, 1.2763330090537945
75, 0.6510416666666666, 1.274271022107633
80, 0.6510416666666666, 1.27209436680816
85, 0.6510416666666666, 1.2697943920281993
90, 0.6510416666666666, 1.2673625086842808
95, 0.6510416666666666, 1.2647902822857038
100, 0.6510416666666666, 1.2620695428574533
105, 0.6510416666666666, 1.2591925120724292
110, 0.6510416666666666, 1.2561519466907891
115, 0.6510416666666666, 1.2529412964980737
120, 0.6510416666666666, 1.249554873868932
125, 0.6510416666666666, 1.245988030888779
130, 0.6510416666666666, 1.2422373386939867
135, 0.6510416666666666, 1.2383007624253788
140, 0.6510416666666666, 1.23417782404696
145, 0.6510416666666666, 1.229869744413516
150, 0.6510416666666666, 1.2253795555543534
155, 0.6510416666666666, 1.2207121743597138
160, 0.6510416666666666, 1.2158744298673079
165, 0.6510416666666666, 1.2108750382348457
170, 0.6497395833333334, 1.2057245222187654
175, 0.65234375, 1.2004350753795914
180, 0.6536458333333334, 1.1950203749681476
185, 0.6588541666666666, 1.1894953510678918
190, 0.6627604166666666, 1.1838759225950068
195, 0.6653645833333334, 1.1781787127732448
200, 0.6653645833333334, 1.1724207574491556
205, 0.66796875, 1.1666192190584923
210, 0.6705729166666666, 1.1607911173796912
215, 0.6770833333333334, 1.1549530857643113
220, 0.6809895833333334, 1.1491211587412329
225, 0.6848958333333334, 1.1433105941535227
230, 0.6953125, 1.1375357306109173
235, 0.69921875, 1.1318098792008884
240, 0.70703125, 1.126145247142051
245, 0.7096354166666666, 1.1205528903299087
250, 0.7096354166666666, 1.1150426914037062
255, 0.7122395833333334, 1.1096233599248226
260, 0.7174479166666666, 1.1043024513839035
265, 0.72265625, 1.0990864019569446
270, 0.7278645833333334, 1.0939805761536425
275, 0.73046875, 1.088989324716693
280, 0.7317708333333334, 1.084116050331424
285, 0.7317708333333334, 1.079363278895717
290, 0.7369791666666666, 1.0747327342897501
295, 0.73828125, 1.070225414781906
300, 0.7408854166666666, 1.0658416694161248
305, 0.7395833333333334, 1.06158127294757
310, 0.7434895833333334, 1.057443498124528
315, 0.7395833333333334, 1.0534271843489411
320, 0.7421875, 1.0495308019786582
325, 0.7421875, 1.0457525117542008
330, 0.7408854166666666, 1.0420902190347174
335, 0.74609375, 1.0385416227073243
340, 0.75, 1.0351042587875858
345, 0.7526041666666666, 1.0317755388550307
350, 0.75, 1.0285527835665584
355, 0.7526041666666666, 1.0254332515634654
360, 0.7513020833333334, 1.0224141641371418
365, 0.75, 1.0194927260468842
370, 0.7513020833333334, 1.0166661428943367
375, 0.7526041666666666, 1.013931635455713
380, 0.7526041666666666, 1.0112864513586306
385, 0.7513020833333334, 1.0087278744679278
390, 0.75, 1.006253232316732
395, 0.7526041666666666, 1.0038599018877143
400, 0.7526041666666666, 1.0015453140165118
405, 0.75390625, 0.9993069566563294
410, 0.7565104166666666, 0.9971423772107318
415, 0.7578125, 0.995049184111557
420, 0.7552083333333334, 0.9930250477910408
425, 0.7565104166666666, 0.9910677011722547
430, 0.7578125, 0.9891749397796311
435, 0.7591145833333334, 0.9873446215520897
440, 0.7604166666666666, 0.9855746664245371
445, 0.7604166666666666, 0.983863055729656
450, 0.76171875, 0.9822078314601065
455, 0.7591145833333334, 0.9806070954219533
460, 0.7591145833333334, 0.979059008302437
465, 0.7591145833333334, 0.9775617886693005
470, 0.76171875, 0.9761137119143591
475, 0.7630208333333334, 0.9747131091505795
480, 0.7630208333333334, 0.9733583660694679
485, 0.7630208333333334, 0.9720479217639925
490, 0.7643229166666666, 0.970780267521012
495, 0.765625, 0.969553945586715
500, 0.7643229166666666, 0.9683675479081368
505, 0.765625, 0.9672197148538118
510, 0.765625, 0.9661091339166151
515, 0.765625, 0.9650345384020932
520, 0.7643229166666666, 0.9639947061056224
525, 0.7643229166666666, 0.9629884579820303
530, 0.7643229166666666, 0.9620146568113883
535, 0.7630208333333334, 0.9610722058647688
540, 0.7643229166666666, 0.9601600475738726
545, 0.7669270833333334, 0.959277162208296
550, 0.76953125, 0.9584225665642497
555, 0.76953125, 0.9575953126683067
560, 0.76953125, 0.9567944864996059
565, 0.7682291666666666, 0.9560192067337413
570, 0.7682291666666666, 0.9552686235112614
575, 0.7682291666666666, 0.954541917233394
580, 0.76953125, 0.9538382973874172
585, 0.76953125, 0.9531570014036279
590, 0.76953125, 0.9524972935456671
595, 0.76953125, 0.9518584638355789
600, 0.7708333333333334, 0.9512398270146915
605, 0.76953125, 0.9506407215411121
610, 0.76953125, 0.9500605086243369
615, 0.76953125, 0.949498571297238
620, 0.76953125, 0.9489543135254292
625, 0.76953125, 0.9484271593537948
630, 0.76953125, 0.947916552089786
635, 0.7682291666666666, 0.9474219535228671
640, 0.7682291666666666, 0.9469428431794399
645, 0.76953125, 0.9464787176123076
650, 0.76953125, 0.9460290897237428
655, 0.76953125, 0.9455934881211022
660, 0.76953125, 0.9451714565038029
665, 0.7708333333333334, 0.9447625530805349
670, 0.7721354166666666, 0.9443663500153877
675, 0.7734375, 0.9439824329017311
680, 0.7734375, 0.94361040026249
685, 0.7734375, 0.9432498630756062
690, 0.7734375, 0.942900444323366
695, 0.7734375, 0.9425617785644098
700, 0.7747395833333334, 0.9422335115271157
705, 0.7747395833333334, 0.9419152997232545
710, 0.7747395833333334, 0.9416068100806823
715, 0.7747395833333334, 0.9413077195939829
720, 0.7747395833333334, 0.9410177149919877
725, 0.7747395833333334, 0.94073649242114
730, 0.7760416666666666, 0.9404637571436765
735, 0.7760416666666666, 0.9401992232497719
740, 0.7760416666666666, 0.9399426133826657
745, 0.77734375, 0.9396936584759957
750, 0.7760416666666666, 0.9394520975025226
755, 0.7760416666666666, 0.9392176772334908
760, 0.7760416666666666, 0.9389901520079401
765, 0.7760416666666666, 0.9387692835113247
770, 0.7760416666666666, 0.9385548405628029
775, 0.7760416666666666, 0.9383465989106367
780, 0.7747395833333334, 0.9381443410352076
785, 0.7760416666666666, 0.9379478559591061
790, 0.7760416666666666, 0.9377569390638785
795, 0.7760416666666666, 0.9375713919130136
800, 0.7760416666666666, 0.937391022080749
805, 0.7760416666666666, 0.9372156429863954
810, 0.7760416666666666, 0.9370450737338155
815, 0.77734375, 0.9368791389557658
820, 0.77734375, 0.9367176686628363
825, 0.7786458333333334, 0.9365604980967328
830, 0.7799479166666666, 0.9364074675876778
835, 0.7799479166666666, 0.9362584224157163
840, 0.7799479166666666, 0.9361132126757381
845, 0.7799479166666666, 0.9359716931460524
850, 0.7799479166666666, 0.9358337231603366
855, 0.7786458333333334, 0.9356991664828468
860, 0.7786458333333334, 0.9355678911867201
865, 0.7799479166666666, 0.9354397695352946
870, 0.7799479166666666, 0.9353146778663081
875, 0.7799479166666666, 0.9351924964788698
880, 0.7799479166666666, 0.9350731095231645
885, 0.7799479166666666, 0.9349564048927409
890, 0.7799479166666666, 0.9348422741193606
895, 0.78125, 0.9347306122703111
900, 0.78125, 0.9346213178481343
905, 0.78125, 0.9345142926926915
910, 0.78125, 0.9344094418855388
915, 0.78125, 0.9343066736565374
920, 0.78125, 0.9342058992926595
925, 0.78125, 0.9341070330489583
930, 0.78125, 0.9340099920616128
935, 0.78125, 0.9339146962630925
940, 0.78125, 0.9338210682993052
945, 0.78125, 0.9337290334487581
950, 0.78125, 0.9336385195436804
955, 0.78125, 0.9335494568930519
960, 0.78125, 0.9334617782075378
965, 0.78125, 0.9333754185262605
970, 0.78125, 0.9332903151454083
975, 0.78125, 0.9332064075486226
980, 0.78125, 0.9331236373391696
985, 0.78125, 0.9330419481738027
990, 0.78125, 0.9329612856983495
995, 0.78125, 0.9328815974849668
1000, 0.78125, 0.9328028329710056
1005, 0.78125, 0.9327249433995187
1010, 0.78125, 0.9326478817613193
1015, 0.78125, 0.9325716027385872
1020, 0.78125, 0.9324960626500077
1025, 0.78125, 0.9324212193973828
1030, 0.78125, 0.9323470324137045
1035, 0.78125, 0.9322734626126613
1040, 0.78125, 0.9322004723395381
1045, 0.7799479166666666, 0.9321280253234816
1050, 0.7799479166666666, 0.932056086631127
1055, 0.7799479166666666, 0.93198462262152
1060, 0.7799479166666666, 0.9319136009023267
1065, 0.7799479166666666, 0.9318429902873006
1070, 0.7799479166666666, 0.9317727607550008
1075, 0.7799479166666666, 0.9317028834086702
1080, 0.7799479166666666, 0.9316333304373271
1085, 0.7799479166666666, 0.9315640750779842
1090, 0.7799479166666666, 0.9314950915790002
1095, 0.7799479166666666, 0.9314263551645147
1100, 0.7799479166666666, 0.9313578419999727
1105, 0.7799479166666666, 0.9312895291586734
1110, 0.7799479166666666, 0.9312213945893469
1115, 0.7799479166666666, 0.9311534170847349
1120, 0.7799479166666666, 0.9310855762511253
1125, 0.7799479166666666, 0.9310178524788499
1130, 0.7799479166666666, 0.930950226913695
1135, 0.7799479166666666, 0.930882681429222
1140, 0.7799479166666666, 0.9308151985999576
1145, 0.7799479166666666, 0.9307477616754439
1150, 0.7799479166666666, 0.9306803545551271
1155, 0.78125, 0.9306129617640574
1160, 0.78125, 0.930545568429371
1165, 0.78125, 0.9304781602575652
1170, 0.78125, 0.9304107235125046
1175, 0.78125, 0.9303432449941669
1180, 0.7825520833333334, 0.9302757120181151
1185, 0.7825520833333334, 0.9302081123956327
1190, 0.7825520833333334, 0.9301404344145653
1195, 0.7825520833333334, 0.9300726668208089
1200, 0.7825520833333334, 0.9300047988004202
1205, 0.7825520833333334, 0.9299368199623865
1210, 0.7825520833333334, 0.929868720321955
1215, 0.7825520833333334, 0.9298004902845939
1220, 0.7825520833333334, 0.9297321206304906
1225, 0.7838541666666666, 0.9296636024996321
1230, 0.7838541666666666, 0.9295949273774031
1235, 0.7838541666666666, 0.9295260870807286
1240, 0.78515625, 0.9294570737447124
1245, 0.78515625, 0.9293878798097803
1250, 0.78515625, 0.9293184980092905
1255, 0.78515625, 0.929248921357633
1260, 0.78515625, 0.9291791431387617
1265, 0.78515625, 0.9291091568951614
1270, 0.78515625, 0.9290389564172719
1275, 0.78515625, 0.9289685357332932
1280, 0.78515625, 0.9288978890994012
1285, 0.78515625, 0.928827010990359
1290, 0.78515625, 0.9287558960904957
1295, 0.78515625, 0.9286845392850521
